Iteration: 1
3003 171 0
3003 171 119 1
3003 171 0 2
2943 4040 122 3
3003 171 0 4
2943 4040 122 5
3003 171 0 6
3003 171 0 7
3003 171 0 8
2908 4044 199 9
3003 171 0 10
3003 171 0 11
3003 171 0 12
2908 4044 199 13
3003 171 0 14
3003 171 0 15
3003 171 0 16
3003 171 0 17
3003 171 0 18
3003 171 0 19
3003 171 0 20
2943 4040 122 21
3003 171 0 22
3003 171 0 23
3003 171 0 24
2908 4044 199 25
2908 4044 199 26
3003 171 119 27
3003 171 0 28
3003 171 0 29
2940 4041 56 30
2943 4040 122 31
3003 171 0 32
3003 171 0 33
3003 171 0 34
3003 171 0 35
3003 171 0 36
3003 171 0 37
3003 171 0 38
3003 171 119 39
2908 4044 199 40
3003 171 0 41
3003 171 0 42
3003 171 0 43
3003 171 0 44
2943 4040 122 45
3003 171 0 46
3003 171 0 47
2908 4044 199 48
3003 171 0 49
3003 171 119 50
3003 171 0 51
3003 171 0 52
3003 171 0 53
3003 171 119 54
2943 4040 122 55
2940 4041 56
3003 171 0 57
3173 58
2940 4041 56 59
2940 4041 56 60
3003 171 0 61
2908 4044 199 62
2940 4041 56 63
3003 171 64
3003 171 0 65
2943 4040 122 66
2908 4044 199 67
3003 171 0 68
3003 171 0 69
3003 171 0 70
3003 171 0 71
2908 4044 199 72
3003 171 0 73
3003 171 0 74
2940 4041 56 75
3003 171 0 76
3003 171 0 77
3003 171 0 78
3003 171 119 79
3003 171 0 80
3173 58 269 81
2908 4044 199 82
3003 171 0 83
3003 171 0 84
3003 171 0 85
3003 171 0 86
3003 171 0 87
2940 4041 56 88
3003 171 0 89
3003 171 0 90
3003 171 0 91
3003 171 0 92
3003 171 0 93
3003 171 0 94
3003 171 0 95
3003 171 0 96
3003 171 0 97
2908 4044 199 98
3003 171 0 99
3173 58 269 100
3003 171 0 101
3003 171 0 102
2940 4041 56 103
2943 4040 122 104
3003 171 119 105
3003 171 0 106
3205 1758 107
3003 171 0 108
2908 4044 109
3003 171 0 110
3003 171 0 111
3003 171 0 112
2908 4044 199 113
3003 171 0 114
3003 171 0 115
3003 171 0 116
3003 171 0 117
2908 4044 199 118
3003 171 119
3003 171 0 120
3003 171 0 121
2943 4040 122
2943 4040 122 123
3003 171 0 124
3003 171 119 125
3003 171 0 126
3003 171 0 127
2908 4044 199 128
3003 171 0 129
3003 171 0 130
3003 171 0 131
3003 171 119 132
3003 171 0 133
2908 4044 199 134
3003 171 0 135
3198 4048 2543 136
3003 171 0 137
3003 171 0 138
3003 171 0 139
3003 171 0 140
2908 4044 199 141
2943 4040 122 142
3003 171 0 143
3003 171 0 144
3003 171 0 145
3003 171 119 146
3003 171 0 147
3003 171 119 148
3003 171 0 149
3003 171 150
3003 171 0 151
3003 171 0 152
3003 171 0 153
3003 171 0 154
3003 171 0 155
2943 4040 122 156
3003 171 0 157
2908 4044 109 158
3003 171 0 159
3003 171 0 160
2908 4044 199 161
3003 171 0 162
3003 171 150 163
3003 171 0 164
3003 171 0 165
3003 171 0 166
3003 171 0 167
3003 171 0 168
2943 4040 122 169
2943 4040 122 170
3003 171
2908 4044 199 172
3003 171 0 173
3003 171 0 174
3003 171 0 175
2943 4040 122 176
3003 171 0 177
3003 171 0 178
3003 171 0 179
3003 171 0 180
3003 171 0 181
3003 171 0 182
3003 171 0 183
3003 171 0 184
3003 171 119 185
2908 4044 199 186
3003 171 0 187
2943 4040 122 188
3003 171 189
3003 171 0 190
3003 171 0 191
3003 171 0 192
3003 171 0 193
3003 171 0 194
3003 171 0 195
3003 171 0 196
3003 171 0 197
3003 171 0 198
2908 4044 199
2908 4044 199 200
3003 171 0 201
3003 171 0 202
2908 4044 199 203
3003 171 0 204
3003 171 0 205
3003 171 0 206
2940 4041 56 207
3003 171 119 208
3003 171 0 209
3003 171 0 210
2908 4044 199 211
2908 4044 199 212
2943 4040 122 213
3003 171 0 214
3003 171 0 215
3003 171 0 216
3003 171 217
3003 171 0 218
3003 171 0 219
3003 171 0 220
2940 4041 56 221
2908 4044 199 222
2908 4044 199 223
3222 3263 4039 224
3003 171 0 225
3003 171 0 226
3003 171 0 227
3003 171 0 228
3003 171 119 229
3003 171 0 230
2908 4044 199 231
2908 4044 199 232
3003 171 0 233
3003 171 0 234
2943 4040 122 235
2943 4040 122 236
3003 171 0 237
2908 4044 199 238
2908 4044 199 239
3003 171 0 240
3003 171 0 241
3003 171 0 242
3003 171 0 243
3003 171 0 244
3003 171 0 245
3003 171 0 246
3003 171 0 247
2943 4040 122 248
3003 171 0 249
3003 171 0 250
2943 4040 122 251
2908 4044 199 252
3003 171 0 253
3003 171 0 254
3003 171 0 255
3003 171 0 256
3003 171 0 257
3003 171 0 258
3003 171 0 259
3003 171 0 260
2908 4044 199 261
3003 171 0 262
3003 171 0 263
3003 171 0 264
2908 4044 199 265
3003 171 0 266
3003 171 0 267
3003 171 0 268
3173 58 269
3003 171 0 270
2908 4044 199 271
2943 4040 122 272
3003 171 0 273
2943 4040 122 274
3003 171 0 275
2943 4040 122 276
2943 4040 122 277
3003 171 0 278
3003 171 0 279
2943 4040 122 280
2943 4040 122 281
3003 171 0 282
3003 171 0 283
2943 4040 122 284
2943 4040 122 285
3003 171 0 286
3003 171 0 287
2908 4044 199 288
3003 171 0 289
2940 4041 56 290
2908 4044 199 291
3003 171 0 292
3003 171 0 293
3003 171 0 294
2908 4044 109 295
3003 171 0 296
2943 4040 122 297
2908 4044 199 298
3003 171 0 299
3003 171 0 300
3003 171 0 301
3003 171 0 302
2943 4040 122 303
2908 4044 199 304
3003 171 0 305
3003 171 0 306
3003 171 0 307
3003 171 0 308
3003 171 0 309
3003 171 0 310
3003 171 0 311
3003 171 0 312
2908 4044 199 313
2908 4044 199 314
2908 4044 199 315
3003 171 0 316
3003 171 0 317
3003 171 119 318
3003 171 0 319
3003 171 0 320
3003 171 0 321
2908 4044 199 322
2943 4040 122 323
3003 171 217 324
2908 4044 199 325
3003 171 0 326
3003 171 0 327
3003 171 0 328
3173 58 269 329
3003 171 0 330
3003 171 119 331
2943 4040 122 332
3003 171 0 333
2940 4041 56 334
3003 171 0 335
3003 171 0 336
3003 171 0 337
3003 171 0 338
3003 171 119 339
3003 171 0 340
2940 4041 56 341
2908 4044 199 342
3003 171 0 343
2943 4040 122 344
2943 4040 122 345
3003 171 0 346
3003 171 0 347
2908 4044 525 348
2908 4044 366 434 349
3173 58 1912 563 350
2908 4044 525 348 351
2908 4044 525 352
3022 4043 1881 353
2943 4040 510 354
2943 4040 510 355
2908 4044 525 348 356
3173 58 1912 563 357
2908 4044 525 348 358
2943 4040 510 555 359
2943 4040 510 360
2943 4040 510 555 361
3198 4048 482 362
2908 4044 1545 363
2908 4044 525 348 364
2943 4040 408 365
2908 4044 366
2908 4044 525 367
2908 4044 525 368
3173 58 1912 563 369
2908 4044 525 370
2908 4044 525 542 371
2908 4044 525 545 372
2908 4044 525 373
2908 4044 525 374
2908 4044 525 375
2908 4044 525 376
2908 4044 525 348 377
3198 4048 482 378
2908 4044 525 348 379
2908 4044 1545 389 380
2908 4044 525 419 381
2943 4040 510 555 382
2908 4044 525 387 383
2908 4044 525 348 384
2908 4044 525 524 385
2908 4044 525 348 386
2908 4044 525 387
2908 4044 525 567 388
2908 4044 1545 389
2908 4044 366 539 390
2908 4044 525 391
2908 4044 525 392
2908 4044 525 348 393
2943 4040 408 394
2908 4044 525 395
2943 4040 510 396
2943 4040 510 397
2908 4044 525 398
2908 4044 525 348 399
2908 4044 525 400
2908 4044 525 348 401
3198 4048 482 402
2943 4040 510 403
2908 4044 525 404
3173 58 1912 563 405
2908 4044 525 387 406
2943 4040 510 407
2943 4040 408
2908 4044 525 409
2943 4040 510 555 410
2908 4044 525 348 411
2908 4044 525 412
2908 4044 525 542 413
3205 1758 107 414
3173 58 1912 563 415
2908 4044 525 567 416
2943 4040 408 417
2943 4040 510 418
2908 4044 525 419
3205 1758 107 420
3173 58 1912 563 421
3205 1758 107 601 422
2908 4044 525 423
2908 4044 525 419 424
3173 58 1912 563 425
2908 4044 525 426
3173 58 1912 563 427
3173 58 1912 428
2908 4044 366 539 429
2908 4044 525 430
2908 4044 525 431
2908 4044 525 432
2943 4040 510 433
2908 4044 366 434
3173 58 1912 563 435
2908 4044 525 436
2908 4044 525 462 437
2908 4044 525 438
2908 4044 525 439
2908 4044 525 440
2908 4044 525 348 441
3173 58 1912 563 442
2908 4044 525 348 443
2943 4040 408 444
2943 4040 408 445
3198 4048 482 446
2908 4044 525 348 447
3198 4048 482 460 448
3173 58 1912 563 449
2908 4044 525 548 450
2908 4044 525 567 451
2943 4040 510 452
2908 4044 525 348 453
2908 4044 525 348 454
2943 4040 510 455
3222 3263 4039 456
3173 58 1912 563 457
2943 4040 510 458
3173 58 1912 563 459
3198 4048 482 460
2908 4044 525 461
2908 4044 525 462
2943 4040 408 560 463
2908 4044 525 348 464
2908 4044 525 465
2908 4044 366 539 466
2908 4044 525 348 467
2908 4044 525 348 468
3173 58 1912 563 469
2943 4040 510 555 470
2908 4044 525 567 471
2908 4044 525 567 472
2908 4044 525 473
2908 4044 525 548 474
3003 171 1549 475
2908 4044 525 348 476
3173 58 1912 563 477
3198 4048 482 496 478
2908 4044 525 479
3173 58 1912 563 480
2943 4040 510 555 481
3198 4048 482
3198 4048 1893 483
2908 4044 1545 484
3173 58 1912 563 485
2908 4044 525 419 486
2908 4044 525 487
2943 4040 408 488
2943 4040 510 555 489
2908 4044 525 548 490
2908 4044 525 548 491
2908 4044 366 492
2908 4044 525 493
2908 4044 525 561 494
2908 4044 525 544 495
3198 4048 482 496
2908 4044 525 497
2908 4044 525 373 498
2908 4044 525 348 499
2908 4044 525 500
2908 4044 525 348 501
2908 4044 525 548 502
2908 4044 525 503
2943 4040 510 504
2908 4044 525 419 505
2908 4044 525 506
2908 4044 525 507
3173 58 1912 563 508
2943 4040 510 397 509
2943 4040 510
2908 4044 525 511
2908 4044 525 512
2908 4044 525 513
2908 4044 525 514
2908 4044 525 515
3173 58 1912 563 516
2908 4044 525 517
3173 58 1912 563 518
2943 4040 510 555 519
2943 4040 408 520
2943 4040 510 521
2908 4044 366 539 522
3173 58 1912 563 523
2908 4044 525 524
2908 4044 525
3205 1505 1528 526
2908 4044 525 527
2943 4040 510 528
2908 4044 366 539 529
2908 4044 525 348 530
3173 58 1912 563 531
2908 4044 525 462 532
2943 4040 510 533
3173 58 1912 563 534
3198 4048 1893 483 535
2908 4044 525 536
2908 4044 525 537
2908 4044 1545 538
2908 4044 366 539
2943 4040 408 560 540
3173 58 1912 563 541
2908 4044 525 542
3173 58 1912 563 543
2908 4044 525 544
2908 4044 525 545
3173 58 1912 563 546
2943 4040 510 555 547
2908 4044 525 548
3173 58 1912 563 549
2908 4044 525 348 550
2908 4044 525 419 551
2908 4044 525 348 552
2943 4040 510 553
3173 58 1912 563 554
2943 4040 510 555
3198 4048 482 556
2943 4040 510 555 557
2943 4040 510 553 558
2908 4044 525 559
2943 4040 408 560
2908 4044 525 561
2943 4040 510 504 562
3173 58 1912 563
2908 4044 525 348 564
3198 4048 482 565
2908 4044 525 566
2908 4044 525 567
2908 4044 366 539 568
3173 58 1912 563 569
2943 4040 510 553 570
2943 4040 510 504 571
2908 4044 525 348 572
3222 3263 4039 672 573
3205 1758 107 596 574
3205 1758 107 414 575
3188 3306 4042 640 576
3188 3306 4042 640 577
3188 3306 4042 640 578
3205 1758 107 414 579
3022 4043 1881 580
3205 1758 107 414 581
3188 3306 4042 640 582
3188 3306 4042 640 583
2908 4044 1545 637 584
3205 1758 107 414 585
2908 4044 525 423 586
2908 4044 1545 651 587
3205 1758 107 414 588
3205 1758 107 596 589
2908 4044 525 567 590
2908 4044 1545 651 591
3222 3263 4039 672 592
2908 4044 525 566 593
3173 58 1912 563 594
3188 3306 4042 640 595
3205 1758 107 596
3205 1758 107 414 597
3205 1758 107 414 598
3188 3306 4042 640 599
3188 3306 4042 640 600
3205 1758 107 601
3205 1758 107 414 602
3205 1758 107 414 603
2908 4044 1545 651 604
3205 1758 107 414 605
3205 1758 1674 606
3205 1758 107 414 607
3205 1758 107 414 608
3205 1758 107 601 609
2908 4044 525 567 610
3205 1758 107 414 611
3205 1758 107 414 612
3205 1758 107 414 613
2908 4044 1545 637 614
3188 3306 4042 640 615
3205 1758 107 596 616
3205 1758 107 414 617
3205 1758 107 596 618
3205 1758 107 414 619
3222 3263 4039 672 620
3205 1758 107 414 621
3205 1758 107 414 622
3205 1758 107 414 623
3205 1758 107 414 624
3205 1758 107 414 625
3205 1758 107 414 626
3188 3306 4042 640 627
3205 1758 107 414 628
3198 4048 1893 629
3222 3263 4039 672 630
3205 1758 107 414 631
3188 3306 4042 640 632
3205 1758 107 414 633
2908 4044 1545 651 634
3188 3306 4042 640 635
3205 1758 107 414 636
2908 4044 1545 637
3205 1758 107 414 638
2908 4044 1545 637 639
3188 3306 4042 640
3022 4043 1881 641
3205 1758 107 414 642
3188 3306 4042 640 643
3205 1758 107 601 644
2908 4044 1545 651 645
2908 4044 1545 651 646
3188 3306 4042 640 647
3205 1758 107 414 648
3205 1758 107 649
3188 3306 4042 640 650
2908 4044 1545 651
3198 4048 482 556 652
3222 3263 4039 672 653
3222 3263 4039 672 654
3205 1758 107 596 655
3022 4043 1881 580 656
3205 1758 107 414 657
3188 3306 4042 640 658
3188 3306 4042 640 659
3205 1758 107 414 660
3188 3306 4042 640 661
3188 3306 4042 640 662
3205 1758 107 596 663
3205 1758 107 414 664
3205 1758 107 414 665
2943 4040 510 553 666
3173 58 1912 428 667
3205 1758 107 414 668
2908 4044 1545 637 669
3188 3306 4042 640 670
3198 4048 1893 483 671
3222 3263 4039 672
3198 4048 482 556 673
3205 1758 107 414 674
3188 3306 4042 640 675
2908 4044 525 566 676
3205 1758 107 596 677
3222 3263 4039 672 678
2908 4044 1545 637 679
3205 1758 107 414 680
3188 3306 4042 640 681
3205 1758 107 414 682
2908 4044 1545 651 683
3205 1758 107 414 684
3205 1758 107 414 685
3198 4048 828 686
3198 4048 828 687
3198 4048 828 688
3198 4048 828 686 689
3198 4048 828 853 690
3198 4048 828 686 691
3198 4048 828 686 692
3198 4048 828 693
3198 4048 828 694
3198 4048 760 695
3198 4048 828 696
3198 4048 828 697
3239 1684 860 698
3198 4048 828 686 699
3198 4048 828 815 700
3198 4048 760 701
3198 4048 828 686 702
3198 4048 828 703
3198 4048 828 848 704
3198 4048 828 705
3198 4048 828 706
3198 4048 828 686 707
3198 4048 828 708
3198 4048 828 709
3198 4048 828 853 710
3198 4048 828 711
3198 4048 828 686 712
3198 4048 828 713
3198 4048 828 686 714
3198 4048 828 842 715
3198 4048 828 849 716
3198 4048 828 686 717
3198 4048 828 718
3198 4048 828 719
3198 4048 828 781 720
3198 4048 828 848 721
3198 4048 828 853 722
3198 4048 828 723
3198 4048 828 724
3198 4048 828 686 725
3198 4048 828 726
3198 4048 828 727
3198 4048 828 728
3198 4048 828 856 729
3198 4048 828 849 730
3198 4048 828 731
3198 4048 828 686 732
3198 4048 828 829 733
3198 4048 760 734
3198 4048 828 856 735
3198 4048 828 724 736
3198 4048 828 737
3198 4048 760 738
3198 4048 828 739
3198 4048 828 817 740
3198 4048 828 741
3198 4048 828 829 742
3198 4048 828 686 743
3198 4048 828 848 744
3198 4048 828 745
3198 4048 828 713 746
3198 4048 828 747
3198 4048 828 849 748
3198 4048 828 686 749
3198 4048 828 770 750
3198 4048 828 751
3198 4048 828 752
3198 4048 828 856 753
3198 4048 828 754
3198 4048 828 849 755
3198 4048 828 847 756
3198 4048 828 739 757
3198 4048 828 849 758
3198 4048 828 759
3198 4048 760
3198 4048 828 848 761
3198 4048 828 842 762
3198 4048 828 849 763
3198 4048 828 764
3198 4048 828 856 765
3198 4048 828 766
3198 4048 828 686 767
3198 4048 828 719 768
3198 4048 828 769
3198 4048 828 770
3198 4048 828 766 771
3198 4048 828 772
3198 4048 828 773
3198 4048 828 774
3198 4048 828 686 775
3239 1684 860 698 776
3198 4048 828 830 777
3198 4048 828 778
3198 4048 828 779
3198 4048 828 780
3198 4048 828 781
3198 4048 828 829 782
3198 4048 828 849 783
3198 4048 828 784
3198 4048 828 846 785
3198 4048 828 829 786
3198 4048 828 849 787
3198 4048 828 686 788
3198 4048 828 686 789
3198 4048 828 745 790
3198 4048 828 686 791
3198 4048 828 792
3198 4048 828 849 793
3198 4048 760 794
3198 4048 828 853 795
3198 4048 828 829 796
3198 4048 828 797
3198 4048 828 769 798
3222 3263 4039 845 799
3198 4048 828 800
3198 4048 828 686 801
3198 4048 828 686 802
3198 4048 828 880 803
3198 4048 828 856 804
3198 4048 828 805
3198 4048 828 686 806
3198 4048 828 807
3198 4048 828 797 808
3198 4048 828 827 809
3198 4048 828 810
3198 4048 828 856 811
3198 4048 828 812
3198 4048 828 784 813
3198 4048 828 814
3198 4048 828 815
3198 4048 828 713 816
3198 4048 828 817
3198 4048 828 805 818
3198 4048 828 819
3198 4048 828 820
3198 4048 828 773 821
3198 4048 828 829 822
3198 4048 828 823
3198 4048 828 824
3198 4048 828 856 825
3198 4048 828 826
3198 4048 828 827
3198 4048 828
3198 4048 828 829
3198 4048 828 830
3198 4048 828 853 831
3198 4048 828 686 832
3198 4048 828 713 833
3198 4048 828 834
3198 4048 828 835
3198 4048 828 853 836
3198 4048 828 837
3198 4048 828 838
3198 4048 828 686 839
3198 4048 828 840
3198 4048 828 686 841
3198 4048 828 842
3198 4048 828 824 843
3198 4048 828 844
3222 3263 4039 845
3198 4048 828 846
3198 4048 828 847
3198 4048 828 848
3198 4048 828 849
3198 4048 828 817 850
3198 4048 828 851
3198 4048 828 686 852
3198 4048 828 853
3198 4048 828 784 854
3198 4048 828 686 855
3198 4048 828 856
3022 4043 3851 3797 857
3239 1684 860 698 858
3239 1684 860 698 859
3239 1684 860
3198 4048 828 856 861
3022 4043 3851 3948 862
3198 4048 828 856 863
3198 4048 828 856 864
3239 1684 860 698 865
3239 1684 860 698 866
3239 1684 860 698 867
3239 1684 860 698 868
3198 4048 828 856 869
3239 1684 860 698 870
3239 1684 860 698 871
3239 1684 860 698 872
3239 1684 860 698 873
3239 1684 860 698 874
3239 1684 860 698 875
3198 4048 828 856 876
3239 1684 860 698 877
3198 4048 828 856 878
3239 1684 860 698 879
3198 4048 828 880
3239 1684 860 698 881
3198 4048 828 856 882
3239 1684 860 698 883
3239 1684 860 698 884
3239 1684 860 698 885
3239 1684 860 698 886
3239 1684 860 698 887
3198 4048 828 856 888
3198 4048 828 856 889
3198 4048 828 769 890
3239 1684 860 698 891
3239 1684 860 698 892
3198 4048 828 856 893
3239 1684 860 698 894
3239 1684 860 698 895
3198 4048 1893 896
3233 1405 1846 897
3205 1758 107 898
3205 1758 107 899
3222 1534 1825 900
3205 1758 1837 901
3022 4043 1591 902
3205 1758 1837 903
3003 171 904
3205 1758 107 905
2943 4040 1663 906
2908 4044 1845 907
3222 1534 1825 908
3205 1758 1384 909
3205 1758 107 910
3205 1758 107 911
3205 1758 107 912
3022 4043 1881 913
3205 1758 107 914
3022 4043 1881 915
3198 4048 1835 916
3198 4048 1893 917
3205 1758 107 918
3205 1758 107 919
3233 1405 1860 920
2908 4044 1845 921
2940 4041 1909 922
3205 1758 923
3003 171 1549 924
2940 4041 1909 925
3198 4048 1835 926
3233 1405 927
3222 1534 1825 928
3205 1505 929
3022 4043 1881 930
3205 1758 107 931
2908 4044 1845 932
3205 1758 107 933
3198 4048 1835 934
3205 1758 107 935
2908 4044 366 936
3205 1758 107 937
3205 1758 1837 938
2908 4044 1545 939
3205 1758 107 940
3198 4048 1893 941
3198 4048 1893 942
3205 1758 107 943
3205 1758 107 944
3205 1758 107 945
3233 1405 946
2908 4044 1845 947
3198 4048 948
3022 4043 1348 949
3165 1656 1687 950
3165 1656 951
2943 4040 1663 952
3188 3306 4042 953
3198 4048 1893 954
3205 1758 107 955
3063 4049 1548 956
3022 4043 1591 957
3205 1758 1837 958
3022 4043 1809 959
3022 4043 1809 960
3205 1505 961
3003 171 1549 962
3205 1758 1837 963
3205 1758 107 964
3205 1758 107 965
3022 4043 1809 966
3233 1405 967
3198 4048 1444 968
3205 1758 107 969
2943 4040 970
3022 4043 1591 971
3022 4043 1809 972
3165 1656 973
3205 1758 107 974
3022 4043 1591 975
2908 4044 366 976
3022 4043 1348 977
2940 4041 1909 978
3205 1758 107 979
2908 4044 1845 980
2943 4040 1298 981
2908 4044 1845 982
2908 4044 1845 983
3198 4048 1893 984
3205 1758 107 985
3205 1758 107 986
3205 1758 987
3198 4048 1893 988
3205 1758 107 989
3222 990
3222 1726 991
3205 1758 1837 992
3188 3306 4042 993
3205 1758 107 994
3178 1419 995
3205 1505 996
3198 4048 1835 997
3222 1534 1173 998
2908 4044 1721 999
3205 1758 107 1000
2908 4044 366 1001
3205 1758 107 1002
3233 1405 1851 1003
3198 4048 1835 1004
3205 1758 107 1005
2908 4044 1006
3205 1758 107 1007
3205 1505 1008
3198 4048 1893 1009
3003 171 1549 1010
3022 4043 1348 1011
3022 4043 1881 1012
3003 171 1549 1013
3198 4048 1893 1014
2943 4040 1298 1015
3205 1758 107 1016
2940 4041 1909 1017
3205 1758 107 1018
3022 4043 1591 1019
3198 4048 1893 1020
3198 4048 1893 1021
3205 1758 107 1022
3165 1656 1806 1023
3022 4043 1809 1024
2908 4044 1545 1025
3178 1419 1883 1026
3205 1758 107 1027
3198 4048 1835 1028
3178 1419 1843 1029
3205 1758 107 1030
3222 1666 1031
3198 4048 1893 1032
3201 1642 1908 1033
3063 4049 1283 1034
3003 171 1549 1035
2940 4041 1350 1036
3003 171 1549 1037
3165 1656 1161 1038
3022 4043 1809 1039
3022 4043 1809 1040
3022 4043 1348 1041
3205 1758 107 1042
3205 1758 1384 1043
2943 4040 1298 1044
3205 1758 1593 1045
3205 1758 107 1046
3178 1419 1911 1047
3179 1450 1048
3222 1534 1049
3222 1666 1822 1050
3198 4048 1444 1051
3022 4043 1881 1052
2885 3290 1171 1053
2908 4044 1721 1054
3222 1666 1055
2943 4040 1663 1056
3205 1758 107 1057
3201 1642 1058
3233 1405 1851 1059
3198 4048 1893 1060
3165 1656 1687 1061
3198 4048 1444 1062
3022 4043 1809 1063
3205 1758 107 1064
3205 1758 107 1065
3198 4048 1893 1066
3198 4048 1893 1067
3022 4043 1881 1068
3022 4043 1809 1069
3003 171 1549 1070
3205 1758 107 1071
3022 4043 1348 1072
3201 1642 1908 1073
2908 4044 1845 1074
2908 4044 1845 1075
3198 4048 1835 1076
3201 1642 1077
2908 4044 1845 1078
3198 4048 1835 1079
3022 4043 1881 1080
3205 1758 107 1081
3022 4043 1591 1082
3233 1405 1851 1083
3201 1642 1519 1084
3022 4043 3851 1085
3198 4048 1835 1086
3205 1505 1087
3205 1505 1193 1088
3205 1758 107 1089
3205 1758 107 1090
2908 4044 1456 1091
2940 4041 1909 1092
3205 1758 107 1093
2908 4044 1545 1094
3205 1758 107 1095
3205 1758 107 1096
3205 1758 1837 1097
3222 1666 1098
3198 4048 1893 1099
3022 4043 1591 1100
2908 4044 1845 1101
3198 4048 1893 1102
3205 1758 107 1103
3198 4048 1893 1104
3205 1758 107 1105
3022 4043 1591 1106
2908 4044 1845 1107
3205 1758 107 1108
3003 171 1549 1109
3178 1419 1911 1110
3205 1758 107 1111
2908 4044 1721 1112
3022 4043 1881 1113
3205 1758 107 1114
2943 4040 1298 1115
2908 4044 1845 1116
3198 4048 1835 1117
3205 1758 1837 1118
3205 1758 107 1119
3022 4043 1591 1120
3022 4043 1348 1121
2908 4044 366 1122
3178 1419 1911 1123
3178 1419 1911 1124
3022 4043 1809 1125
3237 3426 4045 1126
3205 1758 107 1127
3198 4048 1835 1128
2940 4041 1350 1129
3022 4043 1809 1130
3022 4043 1348 1131
3022 4043 1809 1132
3233 1405 1590 1133
3205 1758 107 1134
3022 4043 1881 1135
3222 1534 1825 1136
3205 1758 1837 1137
3222 1666 1266 1138
3205 1758 107 1139
3222 1666 1140
3205 1758 107 1141
3022 4043 1881 1142
3022 4043 1591 1143
3222 1534 1825 1144
3205 1758 107 1145
3222 1726 1146
3205 1758 107 1147
3022 4043 1591 1148
2908 4044 1845 1149
3165 1656 1150
2885 3290 1171 1151
3205 1758 107 1152
2908 4044 1845 1153
3205 1758 107 1154
3233 1405 1637 1155
2908 4044 1845 1156
2940 4041 1909 1157
3198 4048 1893 1158
3022 4043 1591 1159
3198 4048 1835 1160
3165 1656 1161
3205 1758 107 1162
3022 4043 1809 1163
3233 1405 1765 1164
3205 1758 1165
3198 4048 1893 1166
3205 1758 107 1167
3205 1758 107 1168
3205 1758 107 1169
3198 4048 1893 1170
2885 3290 1171
3022 4043 1809 1172
3222 1534 1173
3222 1534 1825 1174
3233 1405 1175
3022 4043 1591 1176
3222 1726 991 1177
3205 1758 1178
2908 4044 1545 1179
3198 4048 1835 1180
2908 4044 1721 1181
3233 1405 1182
3198 4048 1444 1183
3063 4049 1184
3198 4048 1835 1185
3205 1758 1837 1186
3165 1656 1806 1187
3205 1758 107 1188
3022 4043 1348 1189
2908 4044 1545 1190
3198 4048 1835 1191
3198 4048 1893 1192
3205 1505 1193
3205 1758 107 1194
3233 1405 1851 1195
3165 1656 1852 1196
3233 1405 1851 1197
2908 4044 1721 1198
2908 4044 1845 1199
3205 1758 107 1200
3198 4048 1835 1201
3205 1758 1858 1202
3222 1726 1555 1203
3198 4048 1893 1204
3198 4048 1835 1205
3205 1758 107 1206
3022 4043 1809 1207
3205 1758 107 1208
3198 4048 1835 1209
3003 171 1549 1210
3205 1758 1858 1211
2908 4044 1545 1212
3205 1758 107 1213
3063 4049 1214
3198 4048 1893 1215
3205 1758 1837 1216
3198 4048 1444 1217
3205 1758 1593 1218
2940 4041 1610 1219
3063 4049 1367 1220
2940 4041 1350 1221
3022 4043 1881 1222
3205 1758 1371 1223
3003 171 904 1224
3205 1758 107 1225
3022 4043 1348 1226
3198 4048 1893 1227
3003 171 1549 1228
3022 4043 1591 1229
3178 1419 1911 1230
3022 4043 1591 1231
3205 1758 1837 1232
3205 1758 107 1233
3205 1758 107 1234
3198 4048 1893 1235
3205 1758 107 1236
3063 4049 1184 1237
3022 4043 1881 1238
2908 4044 1845 1239
3201 1642 1240
3205 1758 107 1241
3198 4048 1835 1242
3198 4048 1835 1243
3022 4043 1591 1244
3205 1758 107 1245
3205 1758 107 1246
3205 1758 107 1247
3205 1758 107 1248
3205 1758 107 1249
3233 1405 1765 1250
3222 1534 1825 1251
3205 1758 107 1252
3205 1758 107 1253
3205 1758 1165 1254
3233 1405 1255
3198 4048 1835 1256
3022 4043 1591 1257
3198 4048 1444 1258
3022 4043 1348 1259
3205 1758 107 1260
3198 4048 1893 1261
3198 4048 1835 1262
3022 4043 1591 1263
3205 1758 107 1264
2943 4040 1265
3222 1666 1266
3198 4048 1835 1267
3205 1758 107 1268
2908 4044 1845 1269
3205 1758 107 1270
3022 4043 1809 1271
3233 1405 1272
3198 4048 1893 1273
3165 1656 1274
3022 4043 1348 1275
3205 1758 107 1276
3198 4048 1893 1277
2943 4040 1524 1278
2943 4040 1298 1279
3198 4048 1835 1280
3198 4048 1893 1281
3198 4048 1893 1282
3063 4049 1283
3022 4043 1591 1284
3022 4043 1809 1285
3198 4048 1893 1286
3188 3306 4042 1287
3022 4043 1809 1288
3022 4043 1809 1289
2908 4044 1845 1290
3063 4049 1291
3022 4043 1591 1292
3198 4048 1835 1293
3003 171 1549 1294
3205 1758 107 1295
3205 1758 107 1296
3003 171 1297
2943 4040 1298
3205 1758 107 1299
2908 4044 366 1300
3222 1726 1369 1301
3198 4048 1835 1302
3198 4048 1893 1303
3205 1758 107 1304
3063 4049 1305
3022 4043 1348 1306
3222 1534 1825 1307
3205 1758 107 1308
3198 4048 1893 1309
3205 1758 107 1310
3003 171 1549 1311
3233 1405 1312
3198 4048 948 1313
3205 1758 1837 1314
2943 4040 1298 1315
3205 1758 107 1316
3165 1656 1317
3022 4043 1881 1318
3205 1758 1837 1319
2908 4044 1545 1320
3178 1419 1911 1321
3022 4043 1591 1322
3198 4048 1835 1323
3198 4048 1893 1324
3165 1656 1687 1325
3205 1758 107 1326
3165 1656 1327
3222 1534 1825 1328
3233 1405 1329
3198 4048 1835 1330
2908 4044 1845 1331
3022 4043 1881 1332
3205 1758 1837 1333
3198 4048 1835 1334
2908 4044 1721 1335
3022 4043 1809 1336
3178 1419 1911 1337
3003 171 1549 1338
2943 4040 1663 1339
2908 4044 1721 1340
2908 4044 1845 1341
3233 1405 1637 1342
3022 4043 1881 1343
3198 4048 1835 1344
3198 4048 1893 1345
3205 1758 107 1346
3198 4048 1893 1347
3022 4043 1348
2908 4044 366 1349
2940 4041 1350
2908 4044 1845 1351
3232 3417 4046 1352
3201 1642 1240 1353
3205 1758 107 1354
3205 1758 107 1355
3022 4043 1881 1356
3205 1505 1008 1357
3022 4043 1881 1358
3198 4048 1835 1359
3222 1726 1360
3178 1419 1911 1361
3205 1758 107 1362
3205 1758 1837 1363
3205 1758 107 1364
2943 4040 1663 1365
3022 4043 1591 1366
3063 4049 1367
3205 1758 107 1368
3222 1726 1369
3022 4043 1809 1370
3205 1758 1371
3205 1758 107 1372
3198 4048 1893 1373
2908 4044 366 1374
2908 4044 1721 1375
3233 1405 1376
3022 4043 1881 1377
3205 1758 1837 1378
3022 4043 1591 1379
3022 4043 1809 1380
3022 4043 1591 1381
3198 4048 1893 1382
2940 4041 1909 1383
3205 1758 1384
2908 4044 1545 1385
3205 1758 107 1386
3222 1726 1387
2908 4044 1845 1388
3178 1419 1843 1389
3178 1419 1843 1390
2908 4044 1845 1391
3205 1758 107 1392
2908 4044 1845 1393
3201 1642 1240 1394
2940 4041 1909 1395
3198 4048 1893 1396
2908 4044 366 1397
3233 1405 1851 1398
2908 4044 1845 1399
2908 4044 1545 1400
3063 4049 1291 1401
3022 4043 1809 1402
3205 1758 107 1403
2940 4041 1350 1404
3233 1405
3198 4048 1893 1406
3063 4049 1753 1407
3003 171 1549 1408
2908 4044 1845 1409
3222 1534 1825 1410
3179 1450 1411
3003 171 1549 1412
3022 4043 1591 1413
3205 1758 107 1414
3022 4043 1348 1415
3198 4048 1835 1416
3205 1758 107 1417
3205 1758 107 1418
3178 1419
3233 1405 1846 1420
3222 1534 1825 1421
3205 1758 107 1422
3022 4043 1591 1423
3205 1758 1837 1424
3003 171 1549 1425
3198 4048 1893 1426
3198 4048 1893 1427
3022 4043 1348 1428
3205 1758 107 1429
3205 1758 107 1430
2908 4044 1845 1431
2940 4041 1350 1432
3222 1534 1825 1433
3222 1666 1434
3233 1405 1622 1435
3022 4043 1881 1436
3178 1419 1437
2943 4040 1298 1438
2940 4041 1610 1439
3178 1419 1440
3222 1666 1441
3205 1758 107 1442
3205 1758 107 1443
3198 4048 1444
3205 1505 1445
3003 171 1549 1446
3178 1419 1843 1447
3198 4048 1893 1448
3233 1405 1860 1449
3179 1450
3205 1758 107 1451
3205 1758 1837 1452
3205 1758 107 1453
3198 4048 1893 1454
2908 4044 1545 1455
2908 4044 1456
3022 4043 1809 1457
3165 1656 1852 1458
3188 3306 4042 1459
3205 1505 1460
3205 1758 1461
3022 4043 1591 1462
3205 1758 107 1463
3198 4048 948 1464
3198 4048 2543 1465
3205 1758 107 1466
3233 1405 1467
3205 1758 1837 1468
3022 4043 1348 1469
3178 1419 1843 1470
2940 4041 1909 1471
3198 4048 1444 1472
2908 4044 1545 1473
3205 1758 107 1474
3198 4048 1893 1475
3201 1642 1476
3222 1666 1477
2908 4044 1545 1478
3198 4048 1893 1479
3205 1758 1480
3022 4043 1591 1481
3188 3306 4042 1482
3198 4048 1835 1483
2908 4044 1845 1484
3233 1405 1485
3003 171 1486
3022 4043 1881 1487
2908 4044 1845 1488
3198 4048 1893 1489
2908 4044 366 1490
2908 4044 1721 1491
3205 1758 107 1492
3205 1758 1837 1493
3222 1534 1825 1494
3198 4048 1893 1495
2908 4044 1545 1496
3022 4043 1881 1497
3205 1758 107 1498
3201 1642 1552 1499
3198 4048 1444 1500
2940 4041 1909 1501
3198 4048 1893 1502
3205 1758 107 1503
3205 1758 107 1504
3205 1505
3205 1758 107 1506
3022 4043 1348 1507
3198 4048 1893 1508
3233 1405 1509
3205 1758 107 1510
3165 1656 1511
2908 4044 366 1512
3233 1405 1513
3198 4048 1893 1514
3198 4048 1893 1515
3198 4048 1835 1516
2908 4044 1845 1517
3165 1656 1327 1518
3201 1642 1519
2908 4044 1520
3178 1419 1911 1521
3233 1405 1851 1522
3178 1419 1911 1523
2943 4040 1524
3003 171 1549 1525
2908 4044 1545 1526
3201 1642 1527
3205 1505 1528
3022 4043 1348 1529
3063 4049 1530
3205 1758 107 1531
3063 4049 1184 1532
3205 1758 1533
3222 1534
3178 1419 1843 1535
3022 4043 1881 1536
3165 1656 1806 1537
3178 1419 1780 1538
3198 4048 1835 1539
2940 4041 1909 1540
3022 4043 1348 1541
2908 4044 1845 1542
3022 4043 1881 1543
3233 1405 1544
2908 4044 1545
3205 1758 107 1546
3022 4043 1809 1547
3063 4049 1548
3003 171 1549
3022 4043 1591 1550
2943 4040 1551
3201 1642 1552
3201 1642 1908 1553
2908 4044 1845 1554
3222 1726 1555
2940 4041 1610 1556
2908 4044 1845 1557
3233 1405 1860 1558
3178 1419 1843 1559
3205 1758 107 1560
3165 1656 1561
3205 1758 107 1562
3165 1656 1852 1563
3222 1666 1564
3022 4043 1881 1565
3205 1758 107 1566
3222 1534 1825 1567
3205 1758 1837 1568
3022 4043 1591 1569
3198 4048 1835 1570
3178 1419 1911 1571
2943 4040 1524 1572
3198 4048 1893 1573
3003 171 1549 1574
2940 4041 1350 1575
3205 1758 107 1576
3222 1666 1577
2940 4041 1350 1578
3222 1726 1555 1579
2943 4040 1663 1580
3205 1758 107 1581
3198 4048 1893 1582
3022 4043 1591 1583
2908 4044 1845 1584
3222 1666 1585
3205 1758 107 1586
3198 4048 1893 1587
3165 1656 1806 1588
2908 4044 1845 1589
3233 1405 1590
3022 4043 1591
3205 1758 107 1592
3205 1758 1593
3178 1419 1594
3198 4048 1893 1595
3222 3263 4039 1596
2908 4044 1721 1597
3178 1419 1843 1598
3205 1758 107 1599
3198 4048 1835 1600
3205 1758 1837 1601
3205 1758 107 1602
2908 4044 1845 1603
3178 1419 1843 1604
3178 1419 1843 1605
3022 4043 1881 1606
3205 1758 107 1607
3198 4048 1835 1608
3198 4048 1835 1609
2940 4041 1610
3022 4043 1591 1611
3233 1405 1612
3198 4048 1835 1613
3233 1405 1614
3165 1656 1806 1615
3022 4043 1881 1616
3233 1405 1851 1617
3233 1405 1622 1618
3022 4043 1809 1619
3022 4043 1881 1620
3198 4048 1835 1621
3233 1405 1622
2940 4041 1909 1623
3003 171 1549 1624
3003 171 1549 1625
3178 1419 1911 1626
3205 1758 107 1627
3022 4043 1591 1628
3205 1758 1837 1629
3198 4048 1444 1630
2908 4044 366 1631
3198 4048 1835 1632
3205 1758 107 1633
3205 1758 107 1634
2940 4041 1350 1635
3198 4048 1893 1636
3233 1405 1637
3198 4048 1893 1638
3233 1405 1639
3205 1758 107 1640
3222 1666 1477 1641
3201 1642
3198 4048 1835 1643
3233 1405 1765 1644
3022 4043 1881 1645
3022 4043 1881 1646
3205 1758 107 1647
3205 1758 1837 1648
3022 4043 1591 1649
3205 1758 107 1650
3178 1419 995 1651
3022 4043 1809 1652
3198 4048 1835 1653
2908 4044 1545 1654
3022 4043 1591 1655
3165 1656
3205 1758 107 1657
3022 4043 1881 1658
3198 4048 1835 1659
3198 4048 948 1660
3198 4048 1893 1661
2908 4044 1845 1662
2943 4040 1663
3205 1758 107 1664
2908 4044 1845 1665
3222 1666
3205 1758 107 1667
3022 4043 1809 1668
2908 4044 1845 1669
3201 1642 1670
3022 4043 1881 1671
3205 1758 107 1672
2908 4044 366 1673
3205 1758 1674
3022 4043 1881 1675
3222 1534 1825 1676
3198 4048 948 1677
3222 1726 1678
2908 4044 1545 1679
3198 4048 1893 1680
3022 4043 1348 1681
3198 4048 1893 1682
3022 4043 1881 1683
3239 1684
2908 4044 1845 1685
3205 1758 107 1686
3165 1656 1687
3022 4043 1881 1688
3198 4048 1835 1689
3205 1758 107 1690
3022 4043 1591 1691
3022 4043 1881 1692
3201 1642 1240 1693
2908 4044 366 1694
3022 4043 1881 1695
2908 4044 1545 1696
2940 4041 1909 1697
3222 1534 1825 1698
3198 4048 1444 1699
2943 4040 1551 1700
3222 1534 1701
3165 1656 1702
3003 171 1549 1703
3205 1758 107 1704
3222 1534 1825 1705
3198 4048 1893 1706
2908 4044 1845 1707
3165 1656 1687 1708
3022 4043 1348 1709
3205 1505 1528 1710
3205 1758 107 1711
3233 1405 1846 1712
3198 4048 1444 1713
3233 1405 1846 1714
3022 4043 1591 1715
3022 4043 1591 1716
3188 3306 4042 1717
3198 4048 2543 1718
3222 1534 1825 1719
3198 4048 1893 1720
2908 4044 1721
2940 4041 1909 1722
3022 4043 1809 1723
2908 4044 1721 1724
3205 1758 107 1725
3222 1726
3022 4043 1881 1727
2943 4040 1298 1728
3198 4048 1893 1729
2908 4044 1845 1730
3205 1758 107 1731
3205 1758 107 1732
3205 1758 1837 1733
2908 4044 1845 1734
3233 1405 1851 1735
2908 4044 1845 1736
3233 1405 1612 1737
3198 4048 1444 1738
3205 1758 107 1739
3003 171 1549 1740
3022 4043 1809 1741
3198 4048 1893 1742
2908 4044 1545 1743
3205 1758 107 1744
3205 1758 107 1745
3198 4048 1835 1746
3205 1758 1837 1747
3205 1758 107 1748
3205 1758 107 1749
3198 4048 1835 1750
3198 4048 1893 1751
3198 4048 1835 1752
3063 4049 1753
2908 4044 1845 1754
3205 1758 107 1755
3022 4043 1348 1756
3198 4048 1835 1757
3205 1758
3205 1758 107 1759
3205 1758 107 1760
3178 1419 1843 1761
2908 4044 1545 1762
3003 171 1549 1763
3022 4043 1591 1764
3233 1405 1765
3022 4043 1881 1766
2908 4044 1545 1767
2940 4041 1909 1768
2908 4044 1845 1769
3022 4043 1348 1770
3205 1758 107 1771
3201 1642 1670 1772
3022 4043 1881 1773
3178 1419 1911 1774
2908 4044 1845 1775
3205 1758 107 1776
3205 1758 107 1777
3003 171 1549 1778
3233 1405 1779
3178 1419 1780
3022 4043 1591 1781
2940 4041 1909 1782
3198 4048 1893 1783
3205 1758 1837 1784
3205 1758 107 1785
3198 4048 1893 1786
3205 1758 1787
3205 1758 1384 1788
2943 4040 1663 1789
2908 4044 366 1790
3233 1405 1851 1791
3222 1666 1792
2908 4044 1845 1793
3022 4043 1881 1794
3198 4048 1835 1795
2908 4044 1721 1796
3063 4049 1214 1797
3205 1758 1837 1798
2908 4044 1845 1799
3022 4043 1881 1800
3003 171 1549 1801
3205 1758 1837 1802
3165 1656 1687 1803
3198 4048 1835 1804
3178 1419 1911 1805
3165 1656 1806
3022 4043 1591 1807
3205 1758 107 1808
3022 4043 1809
2908 4044 1845 1810
3198 4048 1835 1811
3198 4048 1893 1812
3178 1419 1911 1813
3205 1758 107 1814
3022 4043 1348 1815
3198 4048 1835 1816
3178 1419 1911 1817
3205 1758 107 1818
3233 1405 1846 1819
3198 4048 1893 1820
3205 1758 1480 1821
3222 1666 1822
3198 4048 1835 1823
3198 4048 1893 1824
3222 1534 1825
3022 4043 1809 1826
2908 4044 1845 1827
3198 4048 1893 1828
3205 1758 107 1829
3205 1758 107 1830
2908 4044 1545 1831
3022 4043 1809 1832
3198 4048 1835 1833
3205 1758 107 1834
3198 4048 1835
3165 1656 1852 1836
3205 1758 1837
3222 1534 1701 1838
2940 4041 1909 1839
3205 1758 107 1840
3022 4043 1591 1841
3188 3306 4042 1842
3178 1419 1843
3003 171 1549 1844
2908 4044 1845
3233 1405 1846
3222 1726 1678 1847
3205 1758 107 1848
2908 4044 1721 1849
3198 4048 1893 1850
3233 1405 1851
3165 1656 1852
2908 4044 1545 1853
3205 1758 107 1854
3205 1758 107 1855
3205 1758 107 1856
3198 4048 1893 1857
3205 1758 1858
2940 4041 1350 1859
3233 1405 1860
3198 4048 1835 1861
3022 4043 1591 1862
3178 1419 1911 1863
2908 4044 1845 1864
3178 1419 1911 1865
3165 1656 1806 1866
3022 4043 1881 1867
3022 4043 1809 1868
3205 1758 107 1869
3198 4048 948 1870
3198 4048 1893 1871
3198 4048 1893 1872
3022 4043 1591 1873
2940 4041 1610 1874
3205 1758 107 1875
3205 1758 1787 1876
2943 4040 1663 1877
3198 4048 948 1878
3022 4043 1809 1879
3205 1758 1837 1880
3022 4043 1881
3022 4043 1881 1882
3178 1419 1883
3022 4043 1591 1884
3022 4043 1881 1885
3022 4043 1809 1886
3022 4043 1591 1887
3198 4048 1835 1888
3205 1758 107 1889
3205 1758 107 1890
3198 4048 1835 1891
3205 1758 1787 1892
3198 4048 1893
3198 4048 1893 1894
3205 1758 1837 1895
3205 1758 107 1896
3022 4043 1881 1897
3022 4043 1809 1898
3022 4043 1591 1899
3022 4043 1809 1900
3233 1405 1509 1901
3178 1419 1911 1902
2943 4040 1298 1903
3022 4043 1348 1904
3222 1666 1822 1905
3205 1758 107 1906
3205 1758 107 1907
3201 1642 1908
2940 4041 1909
3022 4043 1881 1910
3178 1419 1911
3173 58 1912
3173 58 1912 1913
3063 4049 2025 1914
3173 58 1912 1915
2908 4044 2343 1916
3237 3426 4045 1917
3198 4048 2543 1918
3063 4049 2025 1919
3198 4048 2543 1920
3063 4049 2025 1921
3173 58 1912 1922
3063 4049 2641 1923
3173 58 1912 1924
3198 4048 2543 1925
3198 4048 2543 1926
3173 58 1912 1927
3173 58 1912 1928
2943 4040 2542 1929
3173 58 1912 1930
3063 4049 2025 1931
3198 4048 2543 1932
3173 58 1912 1933
3173 58 1912 1934
3063 4049 2025 1935
3173 58 1912 1936
3173 58 1912 1937
3198 4048 2543 1938
3198 4048 2543 1939
2908 4044 2343 1940
3198 4048 2543 1941
2943 4040 2499 1942
3198 4048 2543 1943
3022 4043 2289 1944
3198 4048 2543 1945
3198 4048 2543 1946
3198 4048 2183 1947
3198 4048 2543 1948
3173 58 1912 1949
3173 58 1912 1950
3173 58 1912 1951
3063 4049 2062 1952
3198 4048 2543 1953
2908 4044 2343 1954
3022 4043 2289 1955
3173 58 1912 1956
3063 4049 2025 1957
3173 58 1912 1958
3198 4048 2543 1959
3173 58 1912 1960
3173 58 1912 1961
3198 4048 2543 1962
2943 4040 2542 1963
3063 4049 2291 1964
3022 4043 2289 1965
2943 4040 2542 1966
3173 58 1912 1967
3173 58 1912 1968
3173 58 1912 1969
3198 4048 2183 1970
3198 4048 2543 1971
3063 4049 2025 1972
3173 58 1912 1973
3173 58 1912 1974
3173 58 1912 1975
3173 58 1912 1976
3063 4049 2291 1977
3173 58 1912 1978
3198 4048 2543 1979
3063 4049 2025 1980
3063 4049 2062 1981
2940 4041 2443 1982
3198 4048 2543 1983
3222 3263 4039 1984
3198 4048 2543 1985
2943 4040 2542 1986
3022 4043 2289 1987
2940 4041 2443 1988
3222 3263 4039 1989
3173 58 1912 1990
3173 58 1912 1991
3173 58 1912 1992
3198 4048 2543 1993
3198 4048 2543 1994
3063 4049 2025 1995
3173 58 1912 1996
3198 4048 2543 1997
3173 58 1912 1998
3173 58 1912 1999
3173 58 1912 2000
3063 4049 2025 2001
3198 4048 2183 2002
3063 4049 2062 2003
3173 58 1912 2004
3198 4048 2543 2005
3173 58 1912 2006
3198 4048 2543 2007
3173 58 1912 2008
3173 58 1912 2009
2908 4044 2343 2010
3063 4049 2025 2011
3173 58 1912 2012
3173 58 1912 2013
3173 58 1912 2014
3173 58 1912 2015
3173 58 1912 2016
3173 58 1912 2017
3173 58 1912 2018
2943 4040 2499 2019
3198 4048 2543 2020
3198 4048 2543 2021
3173 58 1912 2022
3173 58 1912 2023
3173 58 1912 2024
3063 4049 2025
3198 4048 2543 2026
3173 58 1912 2027
3198 4048 2543 2028
3063 4049 2062 2029
3188 3306 4042 2030
3188 3306 4042 2031
3198 4048 2543 2032
3198 4048 2543 2033
3173 58 1912 2034
3173 58 1912 2035
3063 4049 2291 2036
3198 4048 2543 2037
3198 4048 2543 2038
3198 4048 2543 2039
3198 4048 2543 2040
3173 58 1912 2041
3198 4048 2543 2042
3198 4048 2543 2043
2943 4040 2499 2044
3198 4048 2543 2045
3198 4048 2543 2046
3222 3263 4039 2047
3022 4043 2289 2048
3173 58 1912 2049
3173 58 1912 2050
3173 58 1912 2051
3198 4048 2543 2052
3198 4048 2543 2053
3198 4048 2543 2054
3198 4048 2543 2055
2943 4040 2499 2056
3173 58 1912 2057
3063 4049 2233 2058
3198 4048 2543 2059
2943 4040 2542 2060
3063 4049 2025 2061
3063 4049 2062
2908 4044 2464 2063
3022 4043 2064
2943 4040 2462 2065
3173 58 1912 2066
3198 4048 2303 2067
3198 4048 2543 2068
3198 4048 2543 2069
3173 58 1912 2070
3198 4048 2543 2071
3022 4043 2289 2072
3198 4048 2543 2073
2943 4040 2542 2074
3063 4049 2062 2075
3173 58 1912 2076
2908 4044 2464 2077
3198 4048 2543 2078
3173 58 1912 2079
3173 58 1912 2080
3198 4048 2543 2081
3173 58 1912 2082
3198 4048 2543 2083
2943 4040 2499 2084
3173 58 1912 2085
3198 4048 2543 2086
3198 4048 2543 2087
3198 4048 2543 2088
3173 58 1912 2089
3198 4048 2543 2090
3173 58 1912 2091
3198 4048 2303 2092
3198 4048 2543 2093
3173 58 1912 2094
3198 4048 2543 2095
3063 4049 2062 2096
3063 4049 2025 2097
3198 4048 2543 2098
3173 58 1912 2099
3173 58 1912 2100
3198 4048 2183 2101
3198 4048 2543 2102
3198 4048 2543 2103
3198 4048 2104
3173 58 1912 2105
3173 58 1912 2106
3173 58 1912 2107
3198 4048 2543 2108
3198 4048 2543 2109
3063 4049 2062 2110
3222 3263 4039 2111
3198 4048 2543 2112
3173 58 1912 2113
3173 58 1912 2114
3198 4048 2543 2115
3063 4049 2233 2116
3063 4049 2641 2117
3198 4048 2543 2118
3173 58 1912 2119
3173 58 1912 2120
2943 4040 2542 2121
2943 4040 2542 2122
3232 3417 4046 2123
3198 4048 2543 2124
3198 4048 2543 2125
3173 58 1912 2126
3198 4048 2543 2127
3198 4048 2543 2128
3173 58 1912 2129
3173 58 1912 2130
3198 4048 2543 2131
2943 4040 2462 2132
3198 4048 2543 2133
3198 4048 2543 2134
3198 4048 2543 2135
3198 4048 2543 2136
3198 4048 2543 2137
3198 4048 2543 2138
3198 4048 2543 2139
3198 4048 2543 2140
3022 4043 2289 2141
3198 4048 2543 2142
3198 4048 2543 2143
3198 4048 2543 2144
3022 4043 2289 2145
3173 58 1912 2146
2940 4041 2443 2147
3198 4048 2543 2148
3198 4048 2543 2149
3198 4048 2543 2150
3198 4048 2543 2151
3173 58 1912 2152
3198 4048 2543 2153
2943 4040 2542 2154
3063 4049 2641 2155
3173 58 1912 2156
3173 58 1912 2157
3173 58 1912 2158
3063 4049 2025 2159
3173 58 1912 2160
3198 4048 2543 2161
3173 58 1912 2162
3198 4048 2543 2163
2943 4040 2542 2164
3198 4048 2543 2165
3022 4043 2289 2166
3173 58 1912 2167
3173 58 1912 2168
2908 4044 2343 2169
3173 58 1912 2170
3063 4049 2025 2171
3198 4048 2543 2172
3173 58 1912 2173
2908 4044 2343 2174
3022 4043 2289 2175
3198 4048 2543 2176
3173 58 1912 2177
3173 58 1912 2178
2908 4044 2464 2179
3198 4048 2543 2180
3173 58 1912 2181
3173 58 1912 2182
3198 4048 2183
3198 4048 2543 2184
3022 4043 2289 2185
3173 58 1912 2186
3198 4048 2543 2187
2943 4040 2188
3198 4048 2543 2189
3198 4048 2543 2190
3198 4048 2543 2191
3173 58 1912 2192
3173 58 1912 2193
3198 4048 2543 2194
3173 58 1912 2195
3198 4048 2543 2196
3173 58 1912 2197
3173 58 1912 2198
3198 4048 2543 2199
3022 4043 2200
3198 4048 2543 2201
3063 4049 2025 2202
2908 4044 2343 2203
3173 58 1912 2204
3173 58 1912 2205
3198 4048 2543 2206
3173 58 1912 2207
2943 4040 2462 2208
3063 4049 2641 2209
3198 4048 2543 2210
3063 4049 2291 2211
3198 4048 2543 2212
2943 4040 2542 2213
3063 4049 2291 2214
3198 4048 2543 2215
3198 4048 2543 2216
3173 58 1912 2217
2940 4041 2218
3173 58 1912 2219
3198 4048 2543 2220
3063 4049 2641 2221
3063 4049 2062 2222
3198 4048 2543 2223
3198 4048 2543 2224
3063 4049 2025 2225
3173 58 1912 2226
3173 58 1912 2227
3173 58 1912 2228
3198 4048 2543 2229
3173 58 1912 2230
3173 58 1912 2231
3198 4048 2543 2232
3063 4049 2233
2943 4040 2499 2234
3063 4049 2062 2235
3173 58 1912 2236
3198 4048 2543 2237
3173 58 1912 2238
3198 4048 2543 2239
3198 4048 2543 2240
3198 4048 2543 2241
3022 4043 2289 2242
3063 4049 2062 2243
3198 4048 2543 2244
3173 58 1912 2245
3063 4049 2641 2246
3063 4049 2641 2247
3173 58 1912 2248
3173 58 1912 2249
3198 4048 2543 2250
3173 58 1912 2251
3173 58 1912 2252
3198 4048 2543 2253
2908 4044 2343 2254
3173 58 1912 2255
3063 4049 2291 2256
3198 4048 2543 2257
2943 4040 2542 2258
3198 4048 2543 2259
3022 4043 2289 2260
3198 4048 2543 2261
3173 58 1912 2262
3173 58 1912 2263
3198 4048 2183 2264
3063 4049 2291 2265
3198 4048 2543 2266
3198 4048 2183 2267
3198 4048 2543 2268
3173 58 1912 2269
3063 4049 2641 2270
3198 4048 2543 2271
3022 4043 2289 2272
2908 4044 2343 2273
3063 4049 2062 2274
3198 4048 2543 2275
3198 4048 2543 2276
3173 58 1912 2277
3198 4048 2543 2278
3198 4048 2543 2279
3063 4049 2062 2280
3173 58 1912 2281
3198 4048 2543 2282
3198 4048 2543 2283
3173 58 1912 2284
3198 4048 2543 2285
3173 58 1912 2286
2943 4040 2542 2287
3173 58 1912 2288
3022 4043 2289
3188 3306 4042 2290
3063 4049 2291
3198 4048 2543 2292
3198 4048 2543 2293
2908 4044 2343 2294
3198 4048 2543 2295
3022 4043 2289 2296
3173 58 1912 2297
3198 4048 2543 2298
2943 4040 2542 2299
3222 3263 4039 2300
3173 58 1912 2301
3198 4048 2543 2302
3198 4048 2303
3173 58 1912 2304
3173 58 1912 2305
3198 4048 2543 2306
2943 4040 2542 2307
2943 4040 2542 2308
3198 4048 2543 2309
3022 4043 2289 2310
2943 4040 2462 2311
3173 58 1912 2312
2940 4041 2443 2313
3173 58 1912 2314
3198 4048 2543 2315
3173 58 1912 2316
3173 58 1912 2317
3063 4049 2291 2318
3198 4048 2543 2319
3173 58 1912 2320
3173 58 1912 2321
3022 4043 2289 2322
3198 4048 2543 2323
3198 4048 2543 2324
2908 4044 2343 2325
2943 4040 2542 2326
3198 4048 2543 2327
3198 4048 2543 2328
3198 4048 2543 2329
3022 4043 2289 2330
3198 4048 2543 2331
3198 4048 2543 2332
3198 4048 2543 2333
3188 3306 4042 2334
3173 58 1912 2335
3198 4048 2543 2336
3173 58 1912 2337
3198 4048 2543 2338
2908 4044 2464 2339
3198 4048 2543 2340
3173 58 1912 2341
3173 58 1912 2342
2908 4044 2343
2908 4044 2343 2344
2940 4041 2443 2345
3063 4049 2025 2346
3198 4048 2543 2347
3198 4048 2543 2348
3173 58 1912 2349
2943 4040 2542 2350
3198 4048 2543 2351
2943 4040 2542 2352
3198 4048 2353
3198 4048 2543 2354
3188 3306 4042 2355
3022 4043 2356
3173 58 1912 2357
3173 58 1912 2358
2943 4040 2542 2359
3173 58 1912 2360
3173 58 1912 2361
3022 4043 2289 2362
3198 4048 2543 2363
3063 4049 2025 2364
3063 4049 2025 2365
3022 4043 2289 2366
3022 4043 2289 2367
3022 4043 2289 2368
3198 4048 2543 2369
3222 3263 4039 2370
3173 58 1912 2371
3198 4048 2543 2372
3173 58 1912 2373
3198 4048 2543 2374
3173 58 1912 2375
2943 4040 2542 2376
3022 4043 2289 2377
3173 58 1912 2378
3173 58 1912 2379
3173 58 1912 2380
3198 4048 2543 2381
3173 58 1912 2382
3173 58 1912 2383
3198 4048 2543 2384
3198 4048 2543 2385
3198 4048 2543 2386
2943 4040 2542 2387
3173 58 1912 2388
3173 58 1912 2389
3063 4049 2062 2390
2943 4040 2542 2391
3198 4048 2543 2392
2943 4040 2542 2393
3222 3263 4039 2394
3198 4048 2543 2395
3063 4049 2062 2396
3173 58 1912 2397
3198 4048 2543 2398
3173 58 1912 2399
3173 58 1912 2400
3173 58 1912 2401
3173 58 1912 2402
3173 58 1912 2403
2943 4040 2542 2404
3173 58 1912 2405
3063 4049 2291 2406
3198 4048 2543 2407
3198 4048 2543 2408
3198 4048 2543 2409
3063 4049 2410
3173 58 1912 2411
3173 58 1912 2412
3173 58 1912 2413
3198 4048 2543 2414
3063 4049 2062 2415
3063 4049 2641 2416
3198 4048 2543 2417
2943 4040 2542 2418
3063 4049 2641 2419
3198 4048 2543 2420
3173 58 1912 2421
3173 58 1912 2422
3198 4048 2543 2423
3173 58 1912 2424
3063 4049 2641 2425
3173 58 1912 2426
2943 4040 2499 2427
3198 4048 2543 2428
3198 4048 2543 2429
3198 4048 2543 2430
3173 58 1912 2431
3173 58 1912 2432
3198 4048 2543 2433
3198 4048 2183 2434
3173 58 1912 2435
3198 4048 2543 2436
3173 58 1912 2437
3198 4048 2543 2438
3173 58 1912 2439
3022 4043 2289 2440
3173 58 1912 2441
2943 4040 2499 2442
2940 4041 2443
3173 58 1912 2444
3022 4043 2289 2445
3198 4048 2543 2446
3173 58 1912 2447
3022 4043 2289 2448
2943 4040 2499 2449
3173 58 1912 2450
3237 3426 4045 2451
3173 58 1912 2452
3063 4049 2291 2453
2943 4040 2542 2454
3173 58 1912 2455
3173 58 1912 2456
3173 58 1912 2457
3198 4048 2543 2458
3173 58 1912 2459
3022 4043 2460
3198 4048 2543 2461
2943 4040 2462
3222 3263 4039 2463
2908 4044 2464
3198 4048 2543 2465
3173 58 1912 2466
3198 4048 2543 2467
3198 4048 2543 2468
3198 4048 2543 2469
3173 58 1912 2470
3198 4048 2543 2471
3198 4048 2543 2472
3198 4048 2543 2473
3022 4043 2289 2474
2908 4044 2343 2475
3063 4049 2410 2476
3022 4043 2460 2477
3198 4048 2543 2478
3063 4049 2062 2479
3173 58 1912 2480
3173 58 1912 2481
3198 4048 2543 2482
3173 58 1912 2483
2943 4040 2542 2484
3198 4048 2543 2485
3173 58 1912 2486
3173 58 1912 2487
3173 58 1912 2488
3198 4048 2543 2489
2940 4041 2443 2490
3198 4048 2543 2491
3198 4048 2543 2492
3063 4049 2641 2493
3173 58 1912 2494
3198 4048 2543 2495
3198 4048 2543 2496
3173 58 1912 2497
2908 4044 2343 2498
2943 4040 2499
2943 4040 2542 2500
3198 4048 2543 2501
3198 4048 2543 2502
3173 58 1912 2503
2908 4044 2464 2504
3173 58 1912 2505
3198 4048 2543 2506
3198 4048 2543 2507
3198 4048 2543 2508
2908 4044 2343 2509
3198 4048 2543 2510
3198 4048 2543 2511
3198 4048 2543 2512
3173 58 1912 2513
3173 58 1912 2514
3173 58 1912 2515
3198 4048 2543 2516
3173 58 1912 2517
3198 4048 2183 2518
3198 4048 2543 2519
2943 4040 2542 2520
3198 4048 2543 2521
3173 58 1912 2522
3173 58 1912 2523
2943 4040 2499 2524
3063 4049 2641 2525
3198 4048 2543 2526
2940 4041 2443 2527
3173 58 1912 2528
3198 4048 2183 2529
2908 4044 2343 2530
3063 4049 2233 2531
2943 4040 2542 2532
3198 4048 2543 2533
3173 58 1912 2534
3173 58 1912 2535
2943 4040 2542 2536
3198 4048 2543 2537
3173 58 1912 2538
2943 4040 2542 2539
3173 58 1912 2540
3173 58 1912 2541
2943 4040 2542
3198 4048 2543
3198 4048 2543 2544
3173 58 1912 2545
3198 4048 2543 2546
3173 58 1912 2547
3173 58 1912 2548
2943 4040 2542 2549
2943 4040 2542 2550
3198 4048 2543 2551
2943 4040 2542 2552
2943 4040 2542 2553
2908 4044 2464 2554
3198 4048 2543 2555
2943 4040 2542 2556
3063 4049 2641 2557
3173 58 1912 2558
3198 4048 2543 2559
3198 4048 2543 2560
3198 4048 2543 2561
3173 58 1912 2562
2943 4040 2542 2563
3188 3306 4042 2564
3173 58 1912 2565
3173 58 1912 2566
3198 4048 2543 2567
3173 58 1912 2568
3173 58 1912 2569
3173 58 1912 2570
3173 58 1912 2571
3198 4048 2543 2572
3198 4048 2543 2573
2943 4040 2542 2574
3198 4048 2543 2575
3022 4043 2460 2576
3173 58 1912 2577
3198 4048 2543 2578
3198 4048 2543 2579
3173 58 1912 2580
2943 4040 2462 2581
3198 4048 2543 2582
3063 4049 2025 2583
2940 4041 2443 2584
3173 58 1912 2585
3198 4048 2543 2586
3173 58 1912 2587
3198 4048 2543 2588
3022 4043 2289 2589
3198 4048 2543 2590
2943 4040 2499 2591
3198 4048 2543 2592
3198 4048 2543 2593
3198 4048 2543 2594
3173 58 1912 2595
3173 58 1912 2596
3198 4048 2543 2597
3198 4048 2543 2598
3198 4048 2543 2599
3198 4048 2543 2600
3198 4048 2543 2601
3198 4048 2543 2602
3022 4043 2289 2603
3198 4048 2543 2604
3198 4048 2543 2605
3198 4048 2543 2606
3198 4048 2543 2607
3198 4048 2543 2608
3198 4048 2543 2609
3237 3426 4045 2610
3198 4048 2543 2611
3022 4043 2289 2612
3063 4049 2233 2613
3173 58 1912 2614
3198 4048 2543 2615
2908 4044 2343 2616
3022 4043 2289 2617
3173 58 1912 2618
3198 4048 2543 2619
3063 4049 2025 2620
3173 58 1912 2621
2940 4041 2443 2622
3198 4048 2543 2623
3198 4048 2543 2624
3198 4048 2543 2625
3063 4049 2025 2626
3063 4049 2025 2627
3173 58 1912 2628
3198 4048 2543 2629
3198 4048 2543 2630
3198 4048 2543 2631
3173 58 1912 2632
3063 4049 2025 2633
3173 58 1912 2634
2940 4041 2443 2635
3173 58 1912 2636
3022 4043 2289 2637
3198 4048 2543 2638
3173 58 1912 2639
3173 58 1912 2640
3063 4049 2641
3063 4049 2641 2642
3198 4048 2543 2643
3173 58 1912 2644
3173 58 1912 2645
3198 4048 2543 2646
3173 58 1912 2647
3063 4049 2025 2648
3198 4048 2543 2649
3173 58 1912 2650
3173 58 1912 2651
3063 4049 2062 2652
3022 4043 2289 2653
3198 4048 2543 2654
2943 4040 2542 2655
3173 58 1912 2656
3063 4049 2025 2657
3063 4049 2025 2658
3063 4049 2025 2659
3173 58 1912 2660
3239 2661
3233 2662
3231 2663
3232 2664
3224 2665
3232 2666
3214 2667
3215 2668
3237 2669
3008 2670
3091 2671
3185 2672
3193 2673
3239 2674
3219 2675
3232 2676
3185 2677
3222 2678
3238 2679
3232 2680
3228 2681
3233 2682
3238 2683
3182 2684
3136 2685
3219 2686
3212 2687
3205 2688
3232 2689
3196 2690
3037 2691
3233 2692
3156 2693
3232 2694
3213 2695
3186 2696
3186 2697
3234 2698
3008 2699
3067 2700
3182 2701
3236 2702
3008 2703
3239 1684 2704
3193 2705
3237 2706
3182 2707
3182 2708
3211 2709
3130 2710
3233 2711
3224 2712
3224 2713
2979 2714
3214 2715
3212 2716
3226 2717
3236 2718
3239 2719
3239 2720
3091 2721
2863 2722
3215 2723
3233 2724
2923 2725
3231 2726
3205 2727
3233 2728
3166 2729
3233 2730
3231 2731
3181 2732
3185 2733
3186 2734
3173 2735
2836 2736
3233 2737
3238 2738
3233 2739
3239 1684 2740
3238 2741
3239 2742
3220 2743
3156 2744
3237 2745
3056 2746
3173 2747
3224 2748
3220 2749
3234 2750
3224 2751
2962 2752
3198 2753
3234 2754
3238 2755
3238 2756
3232 2757
3236 2758
3237 2759
3222 2760
3237 2761
3221 2762
3237 2763
3222 2764
3239 2765
3119 2766
2959 2767
3151 2768
3139 2769
3239 2770
3221 2771
3221 2772
3238 2773
3147 2774
3233 2775
3216 2776
3232 2777
3239 2778
3233 2779
3233 2780
3221 2781
3234 2782
3198 2783
3219 2784
3233 2785
3238 2786
3214 2787
3141 3271 2788
3231 2789
3203 2790
3136 2791
3037 2792
3239 2793
3158 2794
3211 2795
3204 2796
3182 2797
3237 3303 2798
3218 2799
3232 2800
3221 2801
3154 2802
3214 2803
2992 2804
3121 2805
3237 2806
3231 2807
3121 2808
3231 2809
3236 2810
3162 2811
3187 2812
3214 2813
3239 1684 2814
3232 2815
3187 2816
3127 2817
3067 2818
3221 2819
3233 2820
3166 2821
3222 2822
3182 2823
3091 2824
3198 2825
3211 2826
3232 2827
3209 2828
3233 2829
3233 2830
3214 2831
3214 2832
3239 2833
3176 2834
3239 3240
3223 3241
3205 3242
3104 3243
3233 3244
3222 3245
3186 3246
3239 3247
3221 3248
3221 3249
3195 3250
3181 3251
3239 3252
3236 3253
3148 3254
3219 3255
3236 3256
3238 3257
3191 3258
3219 3259
3224 3260
3225 3261
3182 3262
3222 3263
3236 3264
3239 3265
3081 3266
3239 3267
3239 1684 3268
3231 3269
3016 3270
3141 3271
3215 3272
3233 3273
3225 3274
3221 3275
3214 3276
3239 3277
3222 3278
3214 3279
3235 3280
3225 3281
3136 3282
3008 3283
3237 3284
3233 3285
3237 3286
3225 3287
3235 3288
3196 3289
2885 3290
3239 3291
3027 3292
3238 3293
3234 3294
3233 3295
3214 3296
3239 3297
3182 3298
3224 3299
3229 3300
3232 3301
3233 3302
3237 3303
3174 3304
3072 3305
3188 3306
3215 3307
3081 3308
3008 3309
2999 3310
2972 3311
3214 3312
3224 3313
3008 3314
3237 3315
3239 3316
3231 3317
3008 3318
3106 3319
3239 3320
3239 3321
3128 3322
3113 3323
3237 3324
3008 3325
3214 3326
3221 3327
3225 3328
3211 3329
3239 3330
3219 3331
3182 3332
3080 3333
3162 3334
3233 3335
3128 3336
3219 3337
3087 3338
3232 3339
3222 3340
3219 3341
3224 3342
3205 3343
3239 3344
3239 3345
3233 3346
3239 3347
3238 3348
3099 3349
3207 3350
3239 3351
3188 3352
3224 3353
3218 3354
3239 3355
3233 3356
3178 3357
3199 3358
3236 3359
3224 3360
3077 3361
3234 3362
3232 3363
3117 3364
3219 3365
3233 3366
3076 3367
3155 3368
3236 3369
3233 3370
3223 3371
3181 3372
3152 3373
3211 3374
3225 3274 3375
2926 3376
3185 3377
3204 3378
3233 3379
3177 3380
3239 3381
3008 3382
3221 3383
3104 3384
3236 3385
3225 3386
3238 3387
3080 3388
3221 3389
3237 3390
3239 3391
3231 3392
3198 3393
3231 3394
3219 3395
3225 3396
3239 3397
3081 3398
3226 3399
3234 3400
2926 3401
3196 3402
3225 3403
3219 3404
3168 3405
3239 3406
3239 1684 3407
3187 3408
3219 3409
3223 3410
3210 3411
3233 3412
3166 2821 3413
3193 3414
3233 3415
3239 3416
3232 3417
3196 3418
3239 3419
3223 3420
3224 3421
3225 3422
3008 3423
2898 3424
3187 3425
3237 3426
3087 3427
3153 3428
2926 3429
3139 3430
3211 3431
3057 3432
3238 3433
3239 3434
3238 3435
3195 3436
3063 4049 3860 3437
3022 4043 3851 3438
3063 4049 3860 3437 3439
3022 4043 3851 3440
3063 4049 3860 3437 3441
3063 4049 3860 3437 3442
2908 4044 3558 3909 3443
3063 4049 3860 3437 3444
3063 4049 3860 3437 3445
3063 4049 3860 3437 3446
3063 4049 3860 3437 3447
3063 4049 3860 3448
3022 4043 3851 3449
3063 4049 3860 3450
3063 4049 3860 3437 3451
3063 4049 3860 3966 3452
3063 4049 3860 3437 3453
3022 4043 3851 3693 3454
3063 4049 3860 3437 3455
3022 4043 3851 3456
3063 4049 3860 3938 3457
2908 4044 3558 3969 3458
2908 4044 3558 3945 3459
2908 4044 3558 3945 3460
3022 4043 3851 3968 3461
3063 4049 3860 3966 3462
2908 4044 3558 3463
2908 4044 3558 3945 3464
3063 4049 3860 3437 3465
2908 4044 3558 3945 3466
3063 4049 3860 3830 3467
2908 4044 3558 3945 3468
2908 4044 3558 3945 3469
3022 4043 3851 3796 3470
3022 4043 3851 3471
3063 4049 3860 3437 3472
3063 4049 3860 3437 3473
2908 4044 3558 3945 3474
3022 4043 3851 3475
3063 4049 3860 3437 3476
3022 4043 3851 3756 3477
3232 3417 4046 3747 3478
3063 4049 3860 3830 3479
3022 4043 3851 3971 3480
3063 4049 3860 3830 3481
3063 4049 3860 3437 3482
2908 4044 3558 3793 3483
3022 4043 3851 3971 3484
3063 4049 3860 3966 3485
2908 4044 3558 3969 3486
3063 4049 3860 3437 3487
3063 4049 3860 3488
3063 4049 3860 3437 3489
3063 4049 3860 3437 3490
3022 4043 3851 3491
3063 4049 3860 3930 3492
2908 4044 3558 3493
3063 4049 3860 3437 3494
3063 4049 3860 3495
3022 4043 3851 3831 3496
3063 4049 3860 3966 3497
3063 4049 3860 3437 3498
2908 4044 3558 3947 3499
3232 3417 4046 3747 3500
3022 4043 3851 3501
3063 4049 3860 3830 3502
3063 4049 3860 3930 3503
3022 4043 3851 3677 3504
3232 3417 4046 3747 3505
2908 4044 3558 3506
2908 4044 3558 3506 3507
3232 3417 4046 3747 3508
2908 4044 3558 3951 3509
2908 4044 3558 3945 3510
2908 4044 3558 3909 3511
3022 4043 3851 3873 3512
3063 4049 3860 3437 3513
3063 4049 3860 3514
2908 4044 3558 3958 3515
3063 4049 3860 3830 3516
3022 4043 3851 3517
3063 4049 3860 3518
3063 4049 3860 3437 3519
3022 4043 3851 3971 3520
3022 4043 3851 3948 3521
3063 4049 3860 3930 3522
3063 4049 3860 3830 3523
3188 3306 4042 3524
3022 4043 3851 3525
3022 4043 3851 3831 3526
3022 4043 3851 3527
3063 4049 3860 3528
2908 4044 3558 3947 3529
3063 4049 3860 3437 3530
3063 4049 3860 3437 3531
2908 4044 3558 3829 3532
3022 4043 3851 3948 3533
2908 4044 3558 3906 3534
2908 4044 3558 3881 3535
3063 4049 3860 3437 3536
3063 4049 3860 3437 3537
3063 4049 3860 3437 3538
2908 4044 3558 3584 3539
3022 4043 3851 3540
3063 4049 3860 3437 3541
3063 4049 3860 3966 3542
3063 4049 3860 3605 3543
3022 4043 3851 3674 3544
3063 4049 3860 3545
3063 4049 3860 3437 3546
3022 4043 3851 3750 3547
3022 4043 3851 3948 3548
3063 4049 3860 3437 3549
3022 4043 3851 3971 3550
3022 4043 3851 3525 3551
3063 4049 3860 3830 3552
3063 4049 3860 3437 3553
2908 4044 3558 3945 3554
2908 4044 3558 3829 3555
3022 4043 3851 3556
3063 4049 3860 3557
2908 4044 3558
3063 4049 3860 3930 3559
3063 4049 3860 3830 3560
2908 4044 3558 3945 3561
3063 4049 3860 3830 3562
3022 4043 3851 3968 3563
2908 4044 3558 3719 3564
3022 4043 3851 3756 3565
3022 4043 3851 3780 3566
3063 4049 3860 3437 3567
2908 4044 3558 3568
2908 4044 3558 3969 3569
3063 4049 3860 3437 3570
3063 4049 3860 3437 3571
2908 4044 3558 3869 3572
3063 4049 3860 3966 3573
3022 4043 3851 3877 3574
3022 4043 3851 3672 3575
3063 4049 3860 3576
3022 4043 3851 3577
3063 4049 3860 3578
3063 4049 3860 3437 3579
3063 4049 3860 3437 3580
3063 4049 3860 3437 3581
3063 4049 3860 3437 3582
2908 4044 3558 3869 3583
2908 4044 3558 3584
3063 4049 3860 3437 3585
3022 4043 3851 3586
3232 3417 4046 3747 3587
3063 4049 3860 3437 3588
3063 4049 3860 3437 3589
3022 4043 3851 3756 3590
2908 4044 3558 3951 3591
3022 4043 3851 3677 3592
2908 4044 3558 3593
3063 4049 3860 3830 3594
3063 4049 3860 3437 3595
3222 3263 4039 3596
3063 4049 3860 3437 3597
3063 4049 3860 3437 3598
3063 4049 3860 3437 3599
3022 4043 3851 3440 3600
2908 4044 3558 3906 3601
2908 4044 3558 3945 3602
3063 4049 3860 3838 3603
3063 4049 3860 3604
3063 4049 3860 3605
3063 4049 3860 3437 3606
3232 3417 4046 3747 3607
3063 4049 3860 3437 3608
3022 4043 3851 3609
3022 4043 3851 3674 3610
3063 4049 3860 3611
2908 4044 3558 3945 3612
3063 4049 3860 3830 3613
2908 4044 3558 3945 3614
3063 4049 3860 3437 3615
3063 4049 3860 3437 3616
2908 4044 3558 3869 3617
3022 4043 3851 3618
3063 4049 3860 3437 3619
2908 4044 3558 3620
3063 4049 3860 3902 3621
2908 4044 3558 3719 3622
2908 4044 3558 3947 3623
3063 4049 3860 3437 3624
3022 4043 3851 3625
3063 4049 3860 3437 3626
3063 4049 3860 3824 3627
3063 4049 3860 3437 3628
3063 4049 3860 3437 3629
2908 4044 3558 3945 3630
2908 4044 3558 3903 3631
3063 4049 3860 3437 3632
3063 4049 3860 3633
2908 4044 3558 3945 3634
3022 4043 3851 3948 3635
3063 4049 3860 3437 3636
3022 4043 3851 3756 3637
3063 4049 3860 3437 3638
3063 4049 3860 3830 3639
3063 4049 3860 3640
3063 4049 3860 3437 3641
3063 4049 3860 3642
2908 4044 3558 3643
3232 3417 4046 3747 3644
2908 4044 3558 3866 3645
2908 4044 3558 3646
3063 4049 3860 3437 3647
2908 4044 3558 3648
3063 4049 3860 3830 3649
3063 4049 3860 3437 3650
3022 4043 3851 3651
3063 4049 3860 3437 3652
3063 4049 3860 3437 3653
3063 4049 3860 3938 3654
3232 3417 4046 3747 3655
3022 4043 3851 3968 3656
3063 4049 3860 3437 3657
3063 4049 3860 3966 3658
3063 4049 3860 3930 3659
2908 4044 3558 3870 3660
3022 4043 3851 3948 3661
3063 4049 3860 3437 3662
3063 4049 3860 3437 3663
3063 4049 3860 3437 3664
3063 4049 3860 3437 3665
3063 4049 3860 3437 3666
3022 4043 3851 3968 3667
2908 4044 3558 3945 3668
3063 4049 3860 3830 3669
3022 4043 3851 3948 3670
2908 4044 3558 3958 3671
3022 4043 3851 3672
3063 4049 3860 3437 3673
3022 4043 3851 3674
3063 4049 3860 3437 3675
3063 4049 3860 3437 3676
3022 4043 3851 3677
3063 4049 3860 3437 3678
3063 4049 3860 3437 3679
2908 4044 3558 3969 3680
3063 4049 3860 3804 3681
3063 4049 3860 3437 3682
3022 4043 3851 3968 3683
3022 4043 3851 3684
3063 4049 3860 3437 3685
3222 3263 4039 3596 3686
3063 4049 3860 3687
3022 4043 3851 3556 3688
3063 4049 3860 3721 3689
2908 4044 3558 3870 3690
3063 4049 3860 3830 3691
3022 4043 3851 3692
3022 4043 3851 3693
3063 4049 3860 3437 3694
3063 4049 3860 3830 3695
3232 3417 4046 3747 3696
3022 4043 3851 3971 3697
3232 3417 4046 3747 3698
3063 4049 3860 3437 3699
3063 4049 3860 3830 3700
3063 4049 3860 3437 3701
3063 4049 3860 3966 3702
3022 4043 3851 3971 3703
3063 4049 3860 3437 3704
2908 4044 3558 3924 3705
2908 4044 3558 3924 3706
3063 4049 3860 3930 3707
3063 4049 3860 3437 3708
3063 4049 3860 3437 3709
3063 4049 3860 3437 3710
2908 4044 3558 3711
3063 4049 3860 3938 3712
3063 4049 3860 3437 3713
2908 4044 3558 3951 3714
3063 4049 3860 3437 3715
3063 4049 3860 3437 3716
3063 4049 3860 3830 3717
2908 4044 3558 3969 3718
2908 4044 3558 3719
3063 4049 3860 3437 3720
3063 4049 3860 3721
3063 4049 3860 3545 3722
3063 4049 3860 3437 3723
3063 4049 3860 3437 3724
3063 4049 3860 3437 3725
2908 4044 3558 3945 3726
3063 4049 3860 3437 3727
3063 4049 3860 3437 3728
3063 4049 3860 3437 3729
3063 4049 3860 3913 3730
3063 4049 3860 3731
3063 4049 3860 3437 3732
3063 4049 3860 3437 3733
3022 4043 3851 3734
3063 4049 3860 3437 3735
3022 4043 3851 3968 3736
3063 4049 3860 3737
2908 4044 3558 3738
3063 4049 3860 3437 3739
3063 4049 3860 3437 3740
3022 4043 3851 3741
3063 4049 3860 3437 3742
3063 4049 3860 3437 3743
3063 4049 3860 3830 3744
3063 4049 3860 3437 3745
3063 4049 3860 3437 3746
3232 3417 4046 3747
3063 4049 3860 3437 3748
3063 4049 3860 3437 3749
3022 4043 3851 3750
3063 4049 3860 3437 3751
2908 4044 3558 3945 3752
3063 4049 3860 3437 3753
2908 4044 3558 3738 3754
3022 4043 3851 3971 3755
3022 4043 3851 3756
3063 4049 3860 3437 3757
2908 4044 3558 3758
3063 4049 3860 3437 3759
3022 4043 3851 3948 3760
2908 4044 3558 3945 3761
3063 4049 3860 3930 3762
2908 4044 3558 3924 3763
2908 4044 3558 3881 3764
3063 4049 3860 3930 3765
3232 3417 4046 3747 3766
2908 4044 3558 3958 3767
2908 4044 3558 3768
3063 4049 3860 3437 3769
2908 4044 3558 3768 3770
2908 4044 3558 3855 3771
3022 4043 3851 3968 3772
3063 4049 3860 3437 3773
3063 4049 3860 3437 3774
3063 4049 3860 3437 3775
3232 3417 4046 3747 3776
2908 4044 3558 3829 3777
3063 4049 3860 3437 3778
3063 4049 3860 3938 3779
3022 4043 3851 3780
3063 4049 3860 3437 3781
2908 4044 3558 3782
3232 3417 4046 3747 3783
2908 4044 3558 3947 3784
3063 4049 3860 3785
2908 4044 3558 3786
3063 4049 3860 3437 3787
3022 4043 3851 3841 3788
3063 4049 3860 3437 3789
3063 4049 3860 3790
3232 3417 4046 3747 3791
2908 4044 3558 3792
2908 4044 3558 3793
2908 4044 3558 3794
3063 4049 3860 3830 3795
3022 4043 3851 3796
3022 4043 3851 3797
3063 4049 3860 3437 3798
3063 4049 3860 3437 3799
3022 4043 3851 3800
3063 4049 3860 3437 3801
3063 4049 3860 3437 3802
2908 4044 3558 3906 3803
3063 4049 3860 3804
3022 4043 3851 3449 3805
3063 4049 3860 3437 3806
3063 4049 3860 3437 3807
3063 4049 3860 3437 3808
3232 3417 4046 3747 3809
2908 4044 3558 3810
3063 4049 3860 3437 3811
3063 4049 3860 3437 3812
3063 4049 3860 3830 3813
3063 4049 3860 3437 3814
3063 4049 3860 3437 3815
2908 4044 3558 3648 3816
3022 4043 3851 3817
2908 4044 3558 3866 3818
3063 4049 3860 3437 3819
3063 4049 3860 3437 3820
2908 4044 3558 3947 3821
2908 4044 3558 3969 3822
3063 4049 3860 3437 3823
3063 4049 3860 3824
2908 4044 3558 3793 3825
2908 4044 3558 3826
3063 4049 3860 3437 3827
3063 4049 3860 3828
2908 4044 3558 3829
3063 4049 3860 3830
3022 4043 3851 3831
3063 4049 3860 3830 3832
2908 4044 3558 3969 3833
2908 4044 3558 3881 3834
3063 4049 3860 3437 3835
2908 4044 3558 3782 3836
3063 4049 3860 3437 3837
3063 4049 3860 3838
3022 4043 3851 3677 3839
3063 4049 3860 3437 3840
3022 4043 3851 3841
3022 4043 3851 3842
2908 4044 3558 3829 3843
3063 4049 3860 3437 3844
3022 4043 3851 3845
3063 4049 3860 3437 3846
3022 4043 3851 3677 3847
3063 4049 3860 3437 3848
3063 4049 3860 3437 3849
3063 4049 3860 3437 3850
3022 4043 3851
3022 4043 3851 3971 3852
3063 4049 3860 3437 3853
3063 4049 3860 3437 3854
2908 4044 3558 3855
3063 4049 3860 3437 3856
3063 4049 3860 3437 3857
3063 4049 3860 3858
2908 4044 3558 3870 3859
3063 4049 3860
3063 4049 3860 3604 3861
3063 4049 3860 3437 3862
3063 4049 3860 3437 3863
3063 4049 3860 3830 3864
3063 4049 3860 3437 3865
2908 4044 3558 3866
3063 4049 3860 3437 3867
3063 4049 3860 3437 3868
2908 4044 3558 3869
2908 4044 3558 3870
3063 4049 3860 3437 3871
3022 4043 3851 3797 3872
3022 4043 3851 3873
3063 4049 3860 3437 3874
3063 4049 3860 3437 3875
3063 4049 3860 3437 3876
3022 4043 3851 3877
2908 4044 3558 3903 3878
3063 4049 3860 3437 3879
3063 4049 3860 3830 3880
2908 4044 3558 3881
2908 4044 3558 3792 3882
3063 4049 3860 3830 3883
3063 4049 3860 3884
3063 4049 3860 3437 3885
3022 4043 3851 3971 3886
3063 4049 3860 3437 3887
3022 4043 3851 3677 3888
3022 4043 3851 3889
2908 4044 3558 3826 3890
3063 4049 3860 3966 3891
3063 4049 3860 3437 3892
2908 4044 3558 3584 3893
3063 4049 3860 3437 3894
2908 4044 3558 3719 3895
2908 4044 3558 3969 3896
3063 4049 3860 3437 3897
3063 4049 3860 3830 3898
3063 4049 3860 3437 3899
2908 4044 3558 3969 3900
3063 4049 3860 3437 3901
3063 4049 3860 3902
2908 4044 3558 3903
2908 4044 3558 3584 3904
3063 4049 3860 3437 3905
2908 4044 3558 3906
3063 4049 3860 3437 3907
3022 4043 3851 3842 3908
2908 4044 3558 3909
3063 4049 3860 3437 3910
3063 4049 3860 3830 3911
3063 4049 3860 3437 3912
3063 4049 3860 3913
2908 4044 3558 3794 3914
2908 4044 3558 3945 3915
3063 4049 3860 3437 3916
3063 4049 3860 3437 3917
3063 4049 3860 3830 3918
3063 4049 3860 3830 3919
3232 3417 4046 3747 3920
3063 4049 3860 3437 3921
3063 4049 3860 3437 3922
3063 4049 3860 3437 3923
2908 4044 3558 3924
3063 4049 3860 3437 3925
3022 4043 3851 3971 3926
2908 4044 3558 3945 3927
3022 4043 3851 3672 3928
3022 4043 3851 3948 3929
3063 4049 3860 3930
2908 4044 3558 3947 3931
3063 4049 3860 3437 3932
3232 3417 4046 3747 3933
3063 4049 3860 3930 3934
3063 4049 3860 3437 3935
3063 4049 3860 3437 3936
2908 4044 3558 3945 3937
3063 4049 3860 3938
3063 4049 3860 3437 3939
3063 4049 3860 3966 3940
3063 4049 3860 3930 3941
3063 4049 3860 3437 3942
3022 4043 3851 3943
3022 4043 3851 3948 3944
2908 4044 3558 3945
3063 4049 3860 3437 3946
2908 4044 3558 3947
3022 4043 3851 3948
3063 4049 3860 3437 3949
3022 4043 3851 3841 3950
2908 4044 3558 3951
3063 4049 3860 3437 3952
3063 4049 3860 3437 3953
3063 4049 3860 3437 3954
3063 4049 3860 3437 3955
2908 4044 3558 3945 3956
3063 4049 3860 3830 3957
2908 4044 3558 3958
3063 4049 3860 3437 3959
3232 3417 4046 3747 3960
3063 4049 3860 3437 3961
3022 4043 3851 3968 3962
3063 4049 3860 3437 3963
3232 3417 4046 3747 3964
3063 4049 3860 3437 3965
3063 4049 3860 3966
3232 3417 4046 3747 3967
3022 4043 3851 3968
2908 4044 3558 3969
3063 4049 3860 3830 3970
3022 4043 3851 3971
2908 4044 3558 3945 3972
2908 4044 3558 3947 3973
3063 4049 3860 3437 3974
3063 4049 3860 3437 3975
2908 4044 3558 3947 3976
3063 4049 3860 3437 3977
3022 4043 3851 3625 3978
3022 4043 3851 3674 3979
3173 58 1912 563 594 3980
3173 58 1912 563 594 3980 3981
3173 58 1912 563 594 3980 3982
3173 58 1912 563 594 3980 3983
3173 58 1912 563 594 3980 3984
3173 58 1912 563 594 3980 3985
3173 58 1912 563 594 3980 3986
3173 58 1912 563 594 3980 3987
3173 58 1912 563 594 3980 3988
3173 58 1912 563 594 3989
3173 58 1912 563 594 3980 3990
3173 58 1912 563 594 4031 3991
3173 58 1912 563 594 3980 3992
3173 58 1912 563 594 3980 3993
3173 58 1912 563 594 3980 3994
3173 58 1912 563 594 3980 3995
3173 58 1912 563 594 3980 3996
3173 58 1912 563 594 3980 3997
3173 58 1912 563 594 3980 3998
3173 58 1912 563 594 3980 3999
3173 58 1912 563 594 3980 4000
3173 58 1912 563 594 3980 4001
3173 58 1912 563 594 4031 4002
3173 58 1912 563 594 3980 4003
3173 58 1912 563 594 4031 4004
3173 58 1912 563 594 3980 4005
3173 58 1912 563 594 3980 4006
3173 58 1912 563 594 3980 4007
3173 58 1912 563 594 3980 4008
3173 58 1912 563 594 3980 4009
3173 58 1912 563 594 3980 4010
3173 58 1912 563 594 4011
3173 58 1912 563 594 3980 4012
3173 58 1912 563 594 4031 4013
3173 58 1912 563 594 3980 4014
3173 58 1912 563 594 3980 4015
3173 58 1912 563 594 3980 4016
3173 58 1912 563 594 3980 4017
3173 58 1912 563 594 3980 4018
3173 58 1912 563 594 3980 4019
3173 58 1912 563 594 4031 4020
3173 58 1912 563 594 3980 4021
3173 58 1912 563 594 3980 4022
3173 58 1912 563 594 4031 4023
3173 58 1912 563 594 3980 4024
3173 58 1912 563 594 3980 4025
3173 58 1912 563 594 3980 4026
3173 58 1912 563 594 4031 4027
3173 58 1912 563 594 3980 4028
3173 58 1912 563 594 3980 4029
3173 58 1912 563 594 3980 4030
3173 58 1912 563 594 4031
3173 58 1912 563 594 3980 4032
3173 58 1912 563 594 3980 4033
3173 58 1912 563 594 3980 4034
3173 58 1912 563 594 3980 4035
3173 58 1912 563 594 3980 4036
3173 58 1912 563 594 3980 4037
3173 58 1912 563 594 4031 4038
3222 3263 4039
2943 4040
2940 4041
3188 3306 4042
3022 4043
2908 4044
3237 3426 4045
3232 3417 4046
3198 4048 2543 2510 4047
3198 4048
3063 4049

