Iteration: 1
396 403
400 404
376 405
387 406
369 407
400 408
400 409
396 410
356 411
402 412
402 413
400 414
402 415
370 416
402 417
397 418
400 419
400 420
402 421
402 422
395 423
389 424
402 425
397 426
348 427
402 428
372 429
398 430
400 431
402 432
369 433
400 434
389 435
402 436
348 437
402 438
397 439
348 440
399 441
376 442
348 443
402 444
400 445
391 446
348 447
348 448
397 449
396 450
402 451
395 452
348 453
351 454
372 455
400 456
397 457
402 458
389 459
402 460
400 461
398 462
402 463
384 464
402 465
348 466
348 467
348 468
397 469
396 470
395 471
356 472
392 473
396 474
402 475
399 476
397 477
349 478
398 479
348 480
397 481
402 482
397 483
400 484
397 485
389 486
400 487
400 488
396 489
391 490
391 491
400 492
402 493
398 494
402 495
388 496
402 497
373 498
348 499
402 500
399 501
391 502
400 503
397 504
389 505
402 506
402 507
402 508
397 509
397 510
400 511
400 512
402 513
402 514
402 515
397 516
402 517
397 518
396 519
402 520
374 521
348 522
402 523
402 524
400 525
398 526
398 527
373 528
348 529
372 530
397 531
386 532
348 533
349 534
374 535
398 536
400 537
400 538
400 539
370 540
397 541
402 542
402 543
402 544
402 545
397 546
396 547
396 548
348 549
348 550
389 551
384 552
402 553
397 554
396 555
400 556
397 557
402 558
402 559
395 560
402 561
361 562
402 563
399 564
374 565
402 566
402 567
396 568
374 569
402 570
348 571
348 572
373 680 573
395 574
373 680 575
400 414 576
400 414 577
400 414 578
373 680 579
400 580
400 414 581
400 414 582
400 414 583
395 678 584
400 414 585
376 586
376 587
395 678 588
395 620 589
373 590
400 591
373 680 592
402 566 593
402 563 594
400 414 595
107 596
373 680 597
373 680 598
400 414 599
400 414 600
400 601
400 414 602
373 680 603
395 604
373 680 605
400 606
400 414 607
400 414 608
373 680 609
376 610
373 680 611
373 680 612
400 414 613
400 614
400 414 615
395 678 616
373 680 617
373 680 618
395 678 619
395 620
395 574 621
395 678 622
373 590 623
400 414 624
395 630 625
373 680 626
400 414 627
400 414 628
107 629
395 630
395 678 631
400 414 632
373 680 633
376 634
402 436 635
373 680 636
400 637
400 414 638
395 678 639
400 414 640
400 641
400 414 642
400 414 643
373 680 644
395 645
376 646
376 634 647
400 414 648
173 649
400 414 650
400 651
376 652
373 680 653
400 683 654
395 630 655
363 656
395 630 657
400 414 658
400 414 659
400 414 660
400 414 661
400 414 662
395 630 663
370 666 664
400 414 665
370 666
402 428 667
400 414 668
400 669
400 414 670
400 669 671
395 678 672
376 673
400 414 674
400 414 675
400 676
373 680 677
395 678
395 678 679
373 680
400 414 681
395 678 682
400 683
373 680 684
373 680 685
107 1085 3437 698 686
107 1085 3437 698 856 687
107 1085 3437 698 856 688
107 1085 3437 698 686 689
107 1085 3437 698 713 690
107 1085 3437 698 686 691
107 1085 3437 698 686 692
107 1085 3437 698 828 693
107 1085 3437 698 830 694
107 1085 3437 698 840 695
107 1085 3437 698 840 696
107 1085 3437 698 697
107 1085 3437 698
107 1085 3437 698 686 699
107 1085 3437 698 745 700
107 1085 3437 698 830 701
107 1085 3437 698 686 702
107 1085 3437 698 703
107 1085 3437 698 686 704
107 1085 3437 698 830 705
107 1085 3437 698 828 706
107 1085 3437 698 686 707
107 1085 3437 698 708
107 1085 3437 698 840 709
107 1085 3437 698 810 710
107 1085 3437 698 828 711
107 1085 3437 698 686 712
107 1085 3437 698 713
107 1085 3437 698 686 714
107 1085 3437 698 805 715
107 1085 3437 698 747 716
107 1085 3437 698 798 717
107 1085 3437 698 828 718
107 1085 3437 698 719
107 1085 3437 698 803 720
107 1085 3437 698 713 721
107 1085 3437 698 745 722
107 1085 3437 698 830 723
107 1085 3437 698 830 724
107 1085 3437 698 686 725
107 1085 3437 698 830 726
107 1085 3437 698 830 727
107 1085 3437 698 856 728
107 1085 3437 698 729
107 1085 3437 698 803 730
107 1085 3437 698 830 731
107 1085 3437 698 686 732
107 1085 3437 698 719 733
107 1085 3437 698 805 734
107 1085 3437 698 856 735
107 1085 3437 698 713 736
107 1085 3437 698 830 737
107 1085 3437 698 805 738
107 1085 3437 698 840 739
107 1085 3437 698 686 740
107 1085 3437 698 828 741
107 1085 3437 698 713 742
107 1085 3437 698 686 743
107 1085 3437 698 686 744
107 1085 3437 698 745
107 1085 3437 698 713 746
107 1085 3437 698 747
107 1085 3437 698 830 748
107 1085 3437 698 686 749
107 1085 3437 698 686 750
107 1085 3437 698 830 751
107 1085 3437 698 830 752
107 1085 3437 698 753
107 1085 3437 698 840 754
107 1085 3437 698 745 755
107 1085 3437 698 805 756
107 1085 3437 698 686 757
107 1085 3437 698 747 758
107 1085 3437 698 828 759
107 1085 3437 698 830 760
107 1085 3437 698 805 761
107 1085 3437 698 810 762
107 1085 3437 698 804 763
107 1085 3437 698 828 764
107 1085 3437 698 856 765
107 1085 3437 698 830 766
107 1085 3437 698 686 767
107 1085 3437 698 719 768
107 1085 3437 698 769
107 1085 3437 698 828 770
107 1085 3437 698 686 771
107 1085 3437 698 772
107 1085 3437 698 828 773
107 1085 3437 698 774
107 1085 3437 698 686 775
107 1085 3437 698 776
107 1085 3437 698 830 777
107 1085 3437 698 830 778
107 1085 3437 698 840 779
107 1085 3437 698 840 780
107 1085 3437 698 830 781
107 1085 3437 698 804 782
107 1085 3437 698 747 783
107 1085 3437 698 828 784
107 1085 3437 698 686 785
107 1085 3437 698 686 786
107 1085 3437 698 823 787
107 1085 3437 698 686 788
107 1085 3437 698 686 789
107 1085 3437 698 745 790
107 1085 3437 698 686 791
107 1085 3437 698 830 792
107 1085 3437 698 747 793
107 1085 3437 698 745 794
107 1085 3437 698 745 795
107 1085 3437 698 686 796
107 1085 3437 698 828 797
107 1085 3437 698 798
107 1085 3437 698 745 799
107 1085 3437 698 800
107 1085 3437 698 686 801
107 1085 3437 698 686 802
107 1085 3437 698 803
107 1085 3437 698 804
107 1085 3437 698 805
107 1085 3437 698 686 806
107 1085 3437 698 856 807
107 1085 3437 698 686 808
107 1085 3437 698 747 809
107 1085 3437 698 810
107 1085 3437 698 811
107 1085 3437 698 828 812
107 1085 3437 698 745 813
107 1085 3437 698 828 814
107 1085 3437 698 856 815
107 1085 3437 698 713 816
107 1085 3437 698 830 817
107 1085 3437 698 805 818
107 1085 3437 698 819
107 1085 3437 698 830 820
107 1085 3437 698 686 821
107 1085 3437 698 686 822
107 1085 3437 698 823
107 1085 3437 698 840 824
107 1085 3437 698 825
107 1085 3437 698 830 826
107 1085 3437 698 830 827
107 1085 3437 698 828
107 1085 3437 698 828 829
107 1085 3437 698 830
107 1085 3437 698 805 831
107 1085 3437 698 803 832
107 1085 3437 698 713 833
107 1085 3437 698 830 834
107 1085 3437 698 828 835
107 1085 3437 698 686 836
107 1085 3437 698 840 837
107 1085 3437 698 856 838
107 1085 3437 698 686 839
107 1085 3437 698 840
107 1085 3437 698 686 841
107 1085 3437 698 828 842
107 1085 3437 698 823 843
107 1085 3437 698 830 844
107 1085 3437 698 830 845
107 1085 3437 698 830 846
107 1085 3437 698 830 847
107 1085 3437 698 840 848
107 1085 3437 698 830 849
107 1085 3437 698 713 850
107 1085 3437 698 828 851
107 1085 3437 698 798 852
107 1085 3437 698 830 853
107 1085 3437 698 686 854
107 1085 3437 698 798 855
107 1085 3437 698 856
107 1085 3797 857
107 1085 3437 698 858
107 1085 3437 698 859
171 1684 860
107 1085 3437 698 861
107 1085 862
107 1085 3437 698 863
107 1085 3437 698 864
107 1085 862 865
107 1085 3437 698 866
107 1085 3437 698 867
107 1085 862 868
107 1085 3437 698 869
107 1085 3437 698 870
107 1085 3797 857 871
107 1085 3437 698 872
107 1085 3437 698 873
107 1085 3437 698 874
107 1085 3437 698 875
107 1085 3437 698 876
107 1085 3437 698 877
107 1085 3437 698 878
107 1085 3437 698 879
107 1085 3437 698 880
107 1085 3437 698 881
107 1085 3437 698 882
107 1085 3437 698 883
107 1085 3437 698 884
107 1085 3437 698 885
107 1085 3437 698 886
107 1085 3437 698 887
107 1085 3437 698 888
107 1085 3437 698 889
107 1085 3437 698 890
107 1085 3437 698 891
107 1085 3437 698 892
107 1085 3437 698 893
107 1085 3437 698 894
107 1085 3437 698 895
107 896
107 897
107 898
107 899
107 900
107 901
107 902
107 903
171 904
107 905
107 906
107 907
107 908
107 909
107 910
107 911
107 912
107 913
107 914
107 915
107 916
107 917
107 918
107 919
107 920
107 921
107 922
107 923
107 924
107 925
107 926
107 927
107 928
107 929
366 930
107 931
107 932
107 933
107 934
107 935
366 936
107 937
107 938
107 939
107 940
107 941
107 942
107 943
107 944
107 945
107 946
107 947
107 948
389 949
107 950
107 951
107 952
107 953
107 954
107 955
107 956
107 957
107 958
107 959
107 960
107 961
107 962
107 963
107 964
107 965
107 966
107 967
107 968
107 969
107 970
107 971
107 972
107 973
107 974
107 975
366 976
107 977
107 978
107 979
107 980
107 981
107 982
107 983
107 984
107 985
107 986
107 987
107 988
107 989
107 990
107 991
107 992
107 993
107 994
107 995
107 996
107 997
107 998
107 999
107 1000
366 1001
107 1002
107 1003
107 1004
107 1005
107 1006
107 1007
107 1008
107 1009
389 1010
107 1011
366 1012
389 1013
107 1014
107 1015
107 1016
107 1017
107 1018
107 1019
107 1020
107 1021
107 1022
107 1023
107 1024
348 1025
107 1026
107 1027
107 1028
107 1029
107 1030
107 1031
107 1032
107 1033
107 1034
107 1035
107 1036
389 1037
107 1038
107 1039
107 1040
389 1041
107 1042
107 1043
107 1044
107 1045
107 1046
107 1047
107 1048
107 1049
107 1050
107 1051
107 1052
107 1053
107 1054
107 1055
107 1056
107 1057
107 1058
107 1059
107 1060
107 1061
107 1062
107 1063
107 1064
107 1065
107 1066
107 1067
107 1068
107 1069
389 1070
107 1071
107 1072
107 1073
107 1074
353 1075
107 1076
107 1077
107 1078
107 1079
366 1080
107 1081
107 1082
107 1083
107 1084
107 1085
107 1086
107 1087
107 1088
107 1089
107 1090
107 1091
107 1092
107 1093
107 1094
376 1095
107 1096
107 1097
107 1098
107 1099
107 1100
107 1101
107 1102
107 1103
107 1104
107 1105
107 1106
107 1107
107 1108
389 1109
107 1110
107 1111
107 1112
366 1113
353 1114
107 1115
107 1116
107 1117
107 1118
107 1119
107 1120
389 1121
366 1122
107 1123
107 1124
107 1125
107 1126
107 1127
107 1128
107 1129
107 1130
107 1131
107 1132
107 1133
107 1134
107 1135
107 1136
107 1137
107 1138
107 1139
107 1140
107 1141
366 1142
107 1143
107 1144
107 1145
107 1146
107 1147
107 1148
107 1149
107 1150
107 1151
107 1152
107 1153
107 1154
366 1155
107 1156
107 1157
107 1158
107 1159
107 1160
107 1161
107 1162
107 1163
107 1164
107 1165
107 1166
107 1167
107 1168
107 1169
107 1170
171 1171
107 1172
107 1173
107 1174
107 1175
107 1176
107 1177
107 1178
376 1179
107 1180
107 1181
107 1182
107 1183
107 1184
107 1185
107 1186
107 1187
107 1188
389 1189
107 1190
107 1191
107 1192
171 1193
107 1194
107 1195
107 1196
107 1197
107 1198
107 1199
107 1200
107 1201
107 1202
107 1203
107 1204
107 1205
107 1206
107 1207
107 1208
107 1209
107 1210
107 1211
107 1212
107 1213
107 1214
107 1215
107 1216
107 1217
107 1218
107 1219
107 1220
107 1221
107 1222
107 1223
107 1224
107 1225
107 1226
107 1227
107 1228
107 1229
107 1230
107 1231
107 1232
107 1233
107 1234
107 1235
107 1236
366 1237
107 1238
107 1239
107 1240
107 1241
107 1242
107 1243
107 1244
107 1245
107 1246
107 1247
107 1248
107 1249
107 1250
107 1251
107 1252
107 1253
107 1254
107 1255
107 1256
107 1257
107 1258
389 1259
107 1260
107 1261
107 1262
107 1263
107 1264
107 1265
107 1266
107 1267
107 1268
107 1269
107 1270
107 1271
107 1272
107 1273
107 1274
389 1275
107 1276
107 1277
107 1278
107 1279
107 1280
107 1281
107 1282
107 1283
107 1284
107 1285
107 1286
107 1287
107 1288
107 1289
107 1290
107 1291
107 1292
107 1293
107 1294
107 1295
389 1296
171 1297
107 1298
107 1299
376 1300
107 1301
107 1302
107 1303
107 1304
107 1305
107 1306
107 1307
107 1308
107 1309
107 1310
107 1311
107 1312
376 1313
107 1314
107 1315
107 1316
107 1317
363 1318
107 1319
366 1320
107 1321
107 1322
107 1323
107 1324
107 1325
107 1326
107 1327
107 1328
107 1329
107 1330
107 1331
363 1332
107 1333
107 1334
107 1335
107 1336
107 1337
107 1338
107 1339
107 1340
107 1341
107 1342
376 1343
107 1344
107 1345
107 1346
107 1347
389 1348
366 1349
107 1350
107 1351
107 1352
107 1353
107 1354
107 1355
107 1356
376 1357
376 1358
107 1359
107 1360
107 1361
107 1362
107 1363
107 1364
107 1365
107 1366
107 1367
107 1368
107 1369
107 1370
107 1371
107 1372
107 1373
376 1374
107 1375
107 1376
107 1377
107 1378
107 1379
107 1380
107 1381
107 1382
107 1383
107 1384
389 1385
107 1386
171 1387
107 1388
107 1389
107 1390
107 1391
107 1392
107 1393
107 1394
107 1395
107 1396
366 1397
107 1398
107 1399
366 1400
107 1401
107 1402
107 1403
107 1404
107 1405
107 1406
107 1407
366 1408
107 1409
107 1410
107 1411
107 1412
107 1413
107 1414
389 1415
107 1416
107 1417
107 1418
107 1419
107 1420
107 1421
107 1422
107 1423
107 1424
363 1425
107 1426
366 1427
389 1428
107 1429
107 1430
107 1431
107 1432
107 1433
107 1434
107 1435
107 1436
107 1437
107 1438
107 1439
107 1440
107 1441
107 1442
107 1443
107 1444
107 1445
366 1446
107 1447
107 1448
107 1449
107 1450
107 1451
107 1452
107 1453
107 1454
107 1455
107 1456
107 1457
107 1458
107 1459
107 1460
107 1461
107 1462
107 1463
107 1464
107 1465
107 1466
107 1467
107 1468
389 1469
107 1470
107 1471
389 1472
389 1473
107 1474
353 1475
107 1476
107 1477
107 1478
107 1479
107 1480
107 1481
107 1482
107 1483
107 1484
107 1485
171 1486
376 1487
107 1488
107 1489
366 1490
107 1491
107 1492
107 1493
107 1494
107 1495
389 1496
107 1497
107 1498
107 1499
107 1500
107 1501
107 1502
107 1503
107 1504
107 1505
363 1506
389 1507
107 1508
107 1509
107 1510
107 1511
366 1512
107 1513
366 1514
107 1515
107 1516
107 1517
107 1518
107 1519
107 1520
107 1521
107 1522
107 1523
107 1524
107 1525
107 1526
107 1527
107 1528
363 1529
107 1530
107 1531
107 1532
107 1533
107 1534
107 1535
376 1536
107 1537
107 1538
107 1539
107 1540
107 1541
107 1542
353 1543
107 1544
389 1545
107 1546
107 1547
107 1548
366 1549
107 1550
107 1551
107 1552
107 1553
107 1554
107 1555
107 1556
107 1557
107 1558
107 1559
107 1560
107 1561
107 1562
107 1563
107 1564
107 1565
107 1566
107 1567
107 1568
107 1569
107 1570
107 1571
107 1572
107 1573
366 1574
107 1575
107 1576
107 1577
107 1578
107 1579
107 1580
107 1581
107 1582
107 1583
107 1584
107 1585
107 1586
107 1587
107 1588
107 1589
107 1590
107 1591
107 1592
107 1593
107 1594
107 1595
107 1596
107 1597
107 1598
107 1599
107 1600
107 1601
107 1602
107 1603
107 1604
107 1605
363 1606
107 1607
107 1608
107 1609
107 1610
107 1611
107 1612
107 1613
107 1614
107 1615
376 1616
107 1617
107 1618
107 1619
107 1620
107 1621
107 1622
107 1623
107 1624
107 1625
107 1626
107 1627
107 1628
107 1629
389 1630
366 1631
107 1632
107 1633
107 1634
107 1635
107 1636
107 1637
107 1638
107 1639
107 1640
107 1641
107 1642
107 1643
107 1644
366 1645
107 1646
107 1647
107 1648
107 1649
107 1650
107 1651
107 1652
107 1653
107 1654
107 1655
107 1656
107 1657
366 1658
107 1659
107 1660
107 1661
107 1662
107 1663
107 1664
107 1665
107 1666
107 1667
107 1668
107 1669
107 1670
363 1671
107 1672
366 1673
107 1674
107 1675
107 1676
363 1677
107 1678
353 1679
107 1680
389 1681
107 1682
107 1683
171 1684
107 1685
107 1686
107 1687
107 1688
107 1689
107 1690
107 1691
366 1692
107 1693
366 1694
107 1695
107 1696
107 1697
107 1698
389 1699
107 1700
107 1701
107 1702
107 1703
107 1704
107 1705
107 1706
107 1707
107 1708
107 1709
107 1710
107 1711
107 1712
107 1713
107 1714
107 1715
107 1716
107 1717
136 1718
107 1719
107 1720
107 1721
107 1722
107 1723
107 1724
107 1725
107 1726
107 1727
107 1728
107 1729
107 1730
107 1731
107 1732
107 1733
107 1734
107 1735
107 1736
107 1737
107 1738
107 1739
366 1740
107 1741
107 1742
107 1743
363 1744
389 1745
107 1746
107 1747
107 1748
107 1749
107 1750
107 1751
107 1752
107 1753
107 1754
107 1755
107 1756
107 1757
107 1758
107 1759
107 1760
107 1761
107 1762
107 1763
107 1764
107 1765
107 1766
376 1767
107 1768
107 1769
389 1770
107 1771
107 1772
107 1773
107 1774
107 1775
107 1776
376 1777
353 1778
107 1779
107 1780
107 1781
107 1782
107 1783
107 1784
107 1785
107 1786
107 1787
107 1788
107 1789
366 1790
107 1791
107 1792
107 1793
107 1794
107 1795
107 1796
107 1797
107 1798
107 1799
107 1800
366 1801
107 1802
107 1803
107 1804
107 1805
107 1806
107 1807
107 1808
107 1809
107 1810
107 1811
107 1812
107 1813
107 1814
107 1815
107 1816
107 1817
107 1818
107 1819
107 1820
107 1821
107 1822
107 1823
107 1824
107 1825
107 1826
107 1827
107 1828
107 1829
107 1830
107 1831
107 1832
107 1833
107 1834
107 1835
107 1836
107 1837
107 1838
107 1839
107 1840
107 1841
107 1842
107 1843
366 1844
107 1845
107 1846
107 1847
107 1848
107 1849
107 1850
107 1851
107 1852
107 1853
107 1854
353 1855
107 1856
107 1857
107 1858
107 1859
107 1860
107 1861
107 1862
107 1863
107 1864
107 1865
107 1866
107 1867
107 1868
107 1869
107 1870
107 1871
107 1872
107 1873
107 1874
107 1875
107 1876
107 1877
366 1878
107 1879
107 1880
353 1881
366 1882
107 1883
107 1884
107 1885
107 1886
107 1887
107 1888
107 1889
107 1890
107 1891
107 1892
107 1893
107 1894
107 1895
107 1896
376 1897
107 1898
107 1899
107 1900
107 1901
107 1902
107 1903
107 1904
107 1905
107 1906
107 1907
107 1908
107 1909
107 1910
107 1911
136 1912
136 2529 1913
136 2660 1914
136 1912 1915
136 2649 1916
136 2543 1917
136 2543 1918
136 2660 1919
136 2653 1920
136 2647 1921
136 1912 1922
136 2511 1923
136 1912 1924
136 2543 1925
136 1926
136 2660 1927
136 2640 1928
136 1912 1929
136 2117 1930
136 2364 1931
136 1932
136 1912 1933
136 1912 1934
136 2660 1935
136 1912 1936
136 1912 1937
136 2543 1938
136 1939
136 2649 1940
136 2649 1941
136 2007 1942
136 2543 1943
136 2289 1944
136 1945
136 2543 1946
136 2629 1947
136 2649 1948
136 1912 1949
136 2004 1950
136 1951
136 2458 1952
136 2543 1953
136 2649 1954
136 1955
136 1912 1956
136 2640 1957
136 2647 1958
136 2598 1959
136 1912 1960
136 2128 1961
136 2543 1962
136 1912 1963
136 2589 1964
136 2289 1965
136 1912 1966
136 1912 1967
136 2640 1968
136 2302 1969
136 2598 1970
136 2543 1971
136 1972
136 1973
136 1912 1974
136 1912 1975
136 1976
136 1912 1977
136 1912 1978
136 2543 1979
136 2647 1980
136 2617 1981
136 2327 1982
136 2543 1983
136 2543 1984
136 2543 1985
136 1912 1986
136 2510 1987
136 2398 1988
136 2543 1989
136 1912 1990
136 1991
136 1912 1992
136 2543 1993
136 2629 1994
136 1995
136 1912 1996
136 2543 1997
136 1998
136 2647 1999
136 2647 2000
136 2001
136 2598 2002
136 2511 2003
136 2004
136 2543 2005
136 2660 2006
136 2007
136 1912 2008
136 2009
136 2649 2010
136 2660 2011
136 2494 2012
136 2459 2013
136 2364 2014
136 1912 2015
136 2494 2016
136 1912 2017
136 2018
136 2007 2019
136 2543 2020
136 2543 2021
136 2660 2022
136 1912 2023
136 2024
136 2583 2025
136 2629 2026
136 2027
136 2653 2028
136 2199 2029
136 2543 2030
136 2327 2031
136 2032
136 2543 2033
136 1912 2034
136 1912 2035
136 2289 2036
136 2543 2037
136 2038
136 2039
136 2543 2040
136 1912 2041
136 2042
136 2543 2043
136 1912 2044
136 2543 2045
136 2543 2046
136 2653 2047
136 2498 2048
136 1912 2049
136 2647 2050
136 1912 2051
136 2649 2052
136 2643 2053
136 2054
136 2543 2055
136 2189 2056
136 2511 2057
136 2007 2058
136 2543 2059
136 1912 2060
136 2660 2061
136 2629 2062
136 2007 2063
136 2543 2064
136 2384 2065
136 2133 2066
136 2189 2067
136 2068
136 2543 2069
136 1912 2070
136 2071
136 2072
136 2543 2073
136 1912 2074
136 2617 2075
136 1912 2076
136 1912 2077
136 2543 2078
136 1912 2079
136 1912 2080
136 2081
136 1926 2082
136 2543 2083
136 1912 2084
136 1926 2085
136 2543 2086
136 2653 2087
136 2543 2088
136 1912 2089
136 2543 2090
136 1912 2091
136 2189 2092
136 2543 2093
136 1912 2094
136 2543 2095
136 2072 2096
136 2660 2097
136 2543 2098
136 2510 2099
136 1912 2100
136 2617 2101
136 2102
136 2543 2103
136 1912 2104
136 1912 2105
136 1912 2106
136 2117 2107
136 2543 2108
136 2543 2109
136 2511 2110
136 2111
136 2543 2112
136 1912 2113
136 1912 2114
136 2543 2115
136 2116
136 2117
136 2543 2118
136 1912 2119
136 1912 2120
136 1912 2121
136 1912 2122
136 2543 2123
136 2543 2124
136 2649 2125
136 2283 2126
136 2127
136 2128
136 1912 2129
136 1912 2130
136 2547 2131
136 2629 2132
136 2133
136 2643 2134
136 2135
136 2543 2136
136 2629 2137
136 2138
136 2543 2139
136 2543 2140
136 2289 2141
136 2543 2142
136 2143
136 2653 2144
136 2502 2145
136 1912 2146
136 2189 2147
136 2649 2148
136 2649 2149
136 2543 2150
136 2649 2151
136 1912 2152
136 2153
136 1912 2154
136 2498 2155
136 1912 2156
136 2157
136 1912 2158
136 2640 2159
136 1912 2160
136 2649 2161
136 1912 2162
136 2649 2163
136 1912 2164
136 2543 2165
136 2289 2166
136 1912 2167
136 1912 2168
136 2649 2169
136 1912 2170
136 2171
136 2543 2172
136 1912 2173
136 2174
136 2289 2175
136 2649 2176
136 2451 2177
136 1912 2178
136 1912 2179
136 2180
136 1912 2181
136 1912 2182
136 2183
136 2543 2184
136 2289 2185
136 2038 2186
136 2187
136 2543 2188
136 2189
136 2543 2190
136 2653 2191
136 2640 2192
136 1912 2193
136 2653 2194
136 1912 2195
136 2653 2196
136 1912 2197
136 2598 2198
136 2199
136 1912 2200
136 2543 2201
136 2647 2202
136 2203
136 1912 2204
136 2117 2205
136 2543 2206
136 1912 2207
136 2384 2208
136 2498 2209
136 2543 2210
136 2327 2211
136 2543 2212
136 1912 2213
136 2302 2214
136 2629 2215
136 2543 2216
136 1912 2217
136 2543 2218
136 1912 2219
136 2543 2220
136 2511 2221
136 2617 2222
136 2223
136 2224
136 2225
136 2598 2226
136 1912 2227
136 2199 2228
136 2543 2229
136 2283 2230
136 2133 2231
136 2649 2232
136 2543 2233
136 2189 2234
136 2617 2235
136 1912 2236
136 2543 2237
136 1912 2238
136 2543 2239
136 2543 2240
136 2649 2241
136 2498 2242
136 2617 2243
136 2543 2244
136 1912 2245
136 2643 2246
136 2247
136 1912 2248
136 2589 2249
136 2250
136 1912 2251
136 2199 2252
136 2543 2253
136 2254
136 1912 2255
136 2133 2256
136 2543 2257
136 1912 2258
136 2649 2259
136 2289 2260
136 2543 2261
136 1912 2262
136 1912 2263
136 2264
136 1912 2265
136 2543 2266
136 2267
136 2268
136 1912 2269
136 1912 2270
136 2543 2271
136 2289 2272
136 2649 2273
136 2511 2274
136 2543 2275
136 2543 2276
136 2038 2277
136 2629 2278
136 2279
136 2635 2280
136 1912 2281
136 2653 2282
136 2283
136 2284
136 2629 2285
136 1912 2286
136 2128 2287
136 2189 2288
136 2289
136 2543 2290
136 2289 2291
136 2292
136 2629 2293
136 2649 2294
136 2649 2295
136 2498 2296
136 2647 2297
136 2543 2298
136 1912 2299
136 2543 2300
136 1912 2301
136 2302
136 2189 2303
136 2617 2304
136 2336 2305
136 2543 2306
136 1912 2307
136 1912 2308
136 2543 2309
136 2461 2310
136 1912 2311
136 2529 2312
136 2199 2313
136 1912 2314
136 2643 2315
136 1912 2316
136 2117 2317
136 2289 2318
136 2319
136 1912 2320
136 1912 2321
136 2289 2322
136 2543 2323
136 2543 2324
136 2589 2325
136 1912 2326
136 2327
136 2649 2328
136 2543 2329
136 2649 2330
136 2543 2331
136 2653 2332
136 2653 2333
136 2543 2334
136 1912 2335
136 2336
136 2337
136 2649 2338
136 1912 2339
136 2543 2340
136 1912 2341
136 2283 2342
136 2649 2343
136 2629 2344
136 2635 2345
136 2640 2346
136 2653 2347
136 2543 2348
136 1912 2349
136 1912 2350
136 2649 2351
136 1912 2352
136 2543 2353
136 2543 2354
136 2543 2355
136 2543 2356
136 1912 2357
136 2283 2358
136 1912 2359
136 1912 2360
136 2199 2361
136 2289 2362
136 2543 2363
136 2364
136 2647 2365
136 2336 2366
136 2635 2367
136 2649 2368
136 2543 2369
136 2543 2370
136 1912 2371
136 2643 2372
136 1912 2373
136 2543 2374
136 1912 2375
136 1912 2376
136 2649 2377
136 2378
136 2635 2379
136 1912 2380
136 2543 2381
136 1912 2382
136 2007 2383
136 2384
136 2629 2385
136 2543 2386
136 2189 2387
136 1912 2388
136 2529 2389
136 2617 2390
136 2189 2391
136 2543 2392
136 2189 2393
136 2649 2394
136 2543 2395
136 2617 2396
136 1912 2397
136 2398
136 2649 2399
136 2629 2400
136 2398 2401
136 1912 2402
136 1912 2403
136 1912 2404
136 1912 2405
136 2289 2406
136 2543 2407
136 2543 2408
136 2543 2409
136 2543 2410
136 1912 2411
136 1912 2412
136 2529 2413
136 2543 2414
136 2617 2415
136 2289 2416
136 2417
136 1912 2418
136 2649 2419
136 2653 2420
136 1912 2421
136 1912 2422
136 2543 2423
136 1912 2424
136 2498 2425
136 2510 2426
136 2189 2427
136 2543 2428
136 2543 2429
136 2543 2430
136 1912 2431
136 2199 2432
136 2543 2433
136 2617 2434
136 2647 2435
136 2436
136 1912 2437
136 2643 2438
136 1912 2439
136 2289 2440
136 1912 2441
136 1912 2442
136 2635 2443
136 1912 2444
136 2445
136 2543 2446
136 2447
136 2289 2448
136 2189 2449
136 1912 2450
136 2451
136 2498 2452
136 1912 2453
136 1912 2454
136 1912 2455
136 1912 2456
136 1912 2457
136 2458
136 2459
136 1912 2460
136 2461
136 2543 2462
136 2463
136 2543 2464
136 2653 2465
136 1912 2466
136 2543 2467
136 2543 2468
136 2543 2469
136 1912 2470
136 2471
136 2472
136 2649 2473
136 2289 2474
136 2475
136 2189 2476
136 1912 2477
136 2543 2478
136 2617 2479
136 2247 2480
136 1912 2481
136 2543 2482
136 1912 2483
136 1912 2484
136 2543 2485
136 1912 2486
136 1912 2487
136 1912 2488
136 2543 2489
136 2398 2490
136 2491
136 2543 2492
136 1912 2493
136 2494
136 2543 2495
136 2629 2496
136 1912 2497
136 2498
136 1912 2499
136 1912 2500
136 2649 2501
136 2502
136 1912 2503
136 1912 2504
136 1912 2505
136 2543 2506
136 2543 2507
136 2508
136 2649 2509
136 2510
136 2511
136 2649 2512
136 1912 2513
136 2133 2514
136 1912 2515
136 2649 2516
136 2133 2517
136 2598 2518
136 2649 2519
136 1912 2520
136 2543 2521
136 2510 2522
136 1912 2523
136 1912 2524
136 2463 2525
136 2543 2526
136 1912 2527
136 1912 2528
136 2529
136 2529 2530
136 2571 2531
136 1912 2532
136 2533
136 1912 2534
136 1912 2535
136 2491 2536
136 2649 2537
136 2538
136 1912 2539
136 1912 2540
136 1912 2541
136 2543 2542
136 2543
136 2629 2544
136 1912 2545
136 2543 2546
136 2547
136 1912 2548
136 1912 2549
136 2189 2550
136 2543 2551
136 1912 2552
136 1912 2553
136 1912 2554
136 2653 2555
136 1912 2556
136 2289 2557
136 1912 2558
136 2543 2559
136 2543 2560
136 2543 2561
136 1912 2562
136 1912 2563
136 2543 2564
136 1912 2565
136 2038 2566
136 2653 2567
136 2072 2568
136 1912 2569
136 1912 2570
136 2571
136 2543 2572
136 2543 2573
136 1912 2574
136 2543 2575
136 1912 2576
136 1912 2577
136 2543 2578
136 2543 2579
136 1912 2580
136 2498 2581
136 2649 2582
136 2583
136 2189 2584
136 2647 2585
136 2543 2586
136 1912 2587
136 2653 2588
136 2589
136 2543 2590
136 1912 2591
136 2653 2592
136 2543 2593
136 2649 2594
136 1912 2595
136 1912 2596
136 2649 2597
136 2598
136 2653 2599
136 2543 2600
136 2543 2601
136 2543 2602
136 2617 2603
136 2543 2604
136 2649 2605
136 2543 2606
136 2543 2607
136 2649 2608
136 2653 2609
136 2529 2610
136 2543 2611
136 2289 2612
136 1912 2613
136 1912 2614
136 2543 2615
136 2653 2616
136 2617
136 2283 2618
136 2543 2619
136 2660 2620
136 1912 2621
136 1912 2622
136 2543 2623
136 2543 2624
136 2543 2625
136 2660 2626
136 2660 2627
136 2117 2628
136 2629
136 2543 2630
136 2543 2631
136 1912 2632
136 2647 2633
136 1912 2634
136 2635
136 2636
136 2289 2637
136 2543 2638
136 2647 2639
136 2640
136 2247 2641
136 2653 2642
136 2643
136 1912 2644
136 2660 2645
136 2543 2646
136 2647
136 2660 2648
136 2649
136 1912 2650
136 1912 2651
136 2617 2652
136 2653
136 2543 2654
136 1912 2655
136 1912 2656
136 2660 2657
136 2660 2658
136 2660 2659
136 2660
171 1684 2661
171 1684 2662
171 1684 2663
171 1684 2664
171 1684 2665
171 1684 2666
171 1684 2667
171 1684 2668
171 1684 2669
171 1684 2670
171 1684 2671
171 1684 2672
171 1684 2673
171 1684 2674
171 1684 2675
171 1684 2676
107 1758 2677
107 1726 2678
171 1684 2679
171 1684 2680
171 1684 2681
171 1684 2682
171 1684 2683
171 1684 2684
171 1684 2685
171 1684 2686
171 1684 2687
171 1684 2688
171 1684 2689
171 1684 2690
171 1684 2691
171 1684 2692
171 1684 2693
171 1684 2694
171 1684 2695
171 1684 2696
171 1684 2697
171 1684 2698
171 1684 2699
171 1684 2700
171 1684 2701
171 1684 2702
171 1684 2703
171 2704
171 1684 2705
171 1684 2706
171 1684 2707
171 1684 2708
171 1684 2709
171 1684 2710
171 1684 2711
171 1684 2712
171 1684 2713
171 1684 2714
171 1684 2715
171 1684 2716
171 1684 2717
58 3173 2718
171 1684 2719
171 1684 2720
171 1684 2721
171 1684 2722
171 1684 2723
171 1684 2724
171 1684 2725
171 1684 2726
171 1684 2727
171 1684 2728
171 1684 2729
171 1684 2730
171 1684 2731
171 1684 2732
171 1684 2733
171 1684 2734
58 3173 2735
171 1684 2736
171 1684 2737
171 1684 2738
171 1684 2739
171 2740
171 1684 2741
171 1684 2742
171 1684 2743
107 1726 2744
171 1684 2745
171 1684 2746
58 3173 2747
171 1684 2748
171 1684 2749
171 1684 2750
171 1684 2751
171 1684 2752
171 1684 2753
171 1684 2754
171 1684 2755
171 1684 2756
171 1684 2757
171 1684 2758
171 1684 2759
171 1684 2760
171 1684 2761
171 1684 2762
171 1684 2763
107 1758 2764
171 1684 2765
171 1684 2766
171 1684 2767
171 1684 2768
171 1684 2769
171 1684 2770
171 1684 2771
171 1684 2772
171 1684 2773
171 1684 2774
171 1684 2775
171 1684 2776
171 1684 2777
171 1684 2778
171 1684 2779
171 1684 2780
171 1684 2781
171 1684 2782
171 1684 2783
171 1684 2784
171 1684 2785
171 1684 2786
171 1684 2787
171 1684 2788
171 1684 2789
171 1684 2790
171 1684 2791
171 1684 2792
171 1684 2793
171 1684 2794
171 1684 2795
171 1684 2796
171 1684 2797
171 1684 2798
171 1684 2799
171 1684 2800
171 1684 2801
171 1684 2802
171 1684 2803
171 1684 2804
171 1684 2805
171 1684 2806
171 1684 2807
171 1684 2808
171 1684 2809
171 1684 2810
171 1684 2811
171 1684 2812
107 1758 2813
58 2814
171 1684 2815
171 1684 2816
171 1684 2817
171 1684 2818
171 1684 2819
171 1684 2820
171 1684 2821
171 1684 2822
171 1684 2823
171 1684 2824
107 1758 2825
171 1684 2826
171 1684 2827
171 1684 2828
171 1684 2829
171 1684 2830
171 1684 2831
171 1684 2832
171 1684 2833
171 1684 2834
171 1684 2835
171 1684 2836
171 1684 2837
171 2838
171 1684 2839
171 1684 2840
171 1684 2841
171 1684 2842
171 1684 2843
171 1684 2844
171 1684 2845
171 1684 2846
58 3173 2847
171 1684 2848
171 1684 2849
171 1684 2850
171 1684 2851
171 1684 2852
171 1684 2853
171 1684 2854
171 1684 2855
171 1684 2856
171 1684 2857
171 1684 2858
171 1684 2859
171 1684 2860
171 1684 2861
171 1684 2862
171 1684 2863
171 1684 2864
171 1684 2865
171 1684 2866
171 1684 2867
171 1684 2868
171 1684 2869
171 1684 2870
171 1684 2871
171 1684 2872
171 1684 2873
171 1684 2874
171 1684 2875
171 1684 2876
171 1684 2877
171 1684 2878
171 1684 2879
171 1684 2880
171 1684 2881
171 1684 2882
171 1684 2883
171 1684 2884
171 2885
171 1684 2886
171 1684 2887
171 1684 2888
171 1684 2889
171 1684 2890
171 1684 2891
171 1684 2892
171 1684 2893
58 3173 2894
171 1684 2895
171 1684 2896
171 1684 2897
171 1684 2898
171 1684 2899
171 1684 2900
58 3173 2901
171 1684 2902
171 1684 2903
171 1684 2904
171 1684 2905
171 1684 2906
171 1684 2907
171 1684 2908
171 1684 2909
171 1684 2910
171 1684 2911
171 1684 2912
171 1684 2913
171 1684 2914
171 1684 2915
171 1684 2916
171 1684 2917
58 3173 2918
171 1684 2919
171 1684 2920
171 1684 2921
171 1684 2922
171 1684 2923
171 1684 2924
171 1684 2925
171 1684 2926
171 1684 2927
171 1684 2928
171 1684 2929
171 1684 2930
171 1684 2931
171 1684 2932
171 1684 2933
171 1684 2934
171 1684 2935
171 1684 2936
171 1684 2937
171 1684 2938
171 1684 2939
171 1684 2940
171 1684 2941
171 1684 2942
171 1684 2943
171 1684 2944
171 1684 2945
58 3173 2946
171 1684 2947
171 1684 2948
171 1684 2949
171 1684 2950
171 1684 2951
171 1684 2952
171 1684 2953
171 1684 2954
171 1684 2955
171 1684 2956
171 1684 2957
171 1684 2958
171 1684 2959
171 1684 2960
171 1684 2961
171 1684 2962
171 1684 2963
171 1684 2964
171 1684 2965
171 1684 2966
171 1684 2967
171 1684 2968
171 1684 2969
171 1684 2970
171 1684 2971
171 1684 2972
171 1684 2973
171 1684 2974
171 1684 2975
171 1684 2976
171 1684 2977
171 1684 2978
107 1758 2979
171 1684 2980
171 1684 2981
171 1684 2982
171 1684 2983
171 1684 2984
171 1684 2985
171 1684 2986
171 1684 2987
171 1684 2988
171 1684 2989
171 1684 2990
171 1684 2991
171 1684 2992
171 1684 2993
171 1684 2994
171 1684 2995
171 1684 2996
171 1684 2997
171 1684 2998
171 1684 2999
171 1684 3000
171 1684 3001
171 1684 3002
171 3003
171 1684 3004
171 1684 3005
171 1684 3006
171 1684 3007
171 1684 3008
171 1684 3009
171 1684 3010
171 1684 3011
171 1684 3012
171 1684 3013
171 1684 3014
171 1684 3015
171 1684 3016
171 1684 3017
171 1684 3018
171 1684 3019
171 1684 3020
171 1684 3021
171 1684 3022
171 1684 3023
171 1684 3024
171 1684 3025
171 1684 3026
171 1684 3027
171 1684 3028
171 1684 3029
171 1684 3030
171 1684 3031
171 1684 3032
171 1684 3033
171 1684 3034
171 1684 3035
171 1684 3036
171 1684 3037
171 1684 3038
171 1684 3039
171 1684 3040
171 1684 3041
171 1684 3042
171 1684 3043
171 1684 3044
171 1684 3045
171 1684 3046
171 1684 3047
171 1684 3048
171 1684 3049
171 1684 3050
171 1684 3051
171 1684 3052
171 1684 3053
171 1684 3054
171 1684 3055
171 1684 3056
107 1726 3057
171 1684 3058
171 1684 3059
171 1684 3060
171 1684 3061
171 1684 3062
171 1684 3063
171 1684 3064
171 1684 3065
171 1684 3066
171 1684 3067
171 1684 3068
171 1684 3069
171 1684 3070
171 1684 3071
171 1684 3072
171 1684 3073
171 1684 3074
171 1684 3075
171 1684 3076
171 1684 3077
171 1684 3078
171 1684 3079
171 1684 3080
171 1684 3081
171 1684 3082
171 1684 3083
171 1684 3084
171 1684 3085
171 1684 3086
171 1684 3087
171 1684 3088
171 1684 3089
171 1684 3090
171 1684 3091
171 1684 3092
171 1684 3093
171 1684 3094
171 1684 3095
171 1684 3096
171 1684 3097
171 1684 3098
171 1684 3099
171 1684 3100
171 1684 3101
171 1684 3102
171 1684 3103
171 1684 3104
171 1684 3105
171 1684 3106
171 1684 3107
171 1684 3108
171 1684 3109
171 1684 3110
171 1684 3111
171 1684 3112
171 1684 3113
171 1684 3114
171 1684 3115
171 1684 3116
58 3173 3117
171 1684 3118
171 1684 3119
171 1684 3120
171 1684 3121
171 1684 3122
171 1684 3123
58 3173 3124
171 1684 3125
171 1684 3126
171 1684 3127
171 1684 3128
171 1684 3129
171 1684 3130
171 1684 3131
171 1684 3132
171 1684 3133
171 1684 3134
171 1684 3135
171 1684 3136
171 1684 3137
171 1684 3138
171 1684 3139
171 1684 3140
171 1684 3141
171 1684 3142
171 1684 3143
171 1684 3144
171 1684 3145
171 1684 3146
171 1684 3147
171 1684 3148
171 1684 3149
171 1684 3150
171 1684 3151
171 1684 3152
171 1684 3153
171 1684 3154
171 1684 3155
171 1684 3156
171 1684 3157
171 1684 3158
171 1684 3159
171 1684 3160
171 1684 3161
171 1684 3162
171 1684 3163
107 1726 3164
171 1684 3165
171 1684 3166
171 1684 3167
171 1684 3168
171 1684 3169
171 1684 3170
171 1684 3171
171 1684 3172
58 3173
171 1684 3174
171 1684 3175
171 1684 3176
171 1684 3177
171 1684 3178
107 1726 3179
171 1684 3180
171 1684 3181
171 1684 3182
171 1684 3183
171 1684 3184
171 1684 3185
171 1684 3186
171 1684 3187
171 1684 3188
171 1684 3189
171 1684 3190
171 1684 3191
171 1684 3192
171 1684 3193
171 1684 3194
171 1684 3195
171 1684 3196
171 1684 3197
171 1684 3198
171 1684 3199
171 1684 3200
171 1684 3201
171 1684 3202
171 1684 3203
171 1684 3204
107 1758 3205
171 1684 3206
171 1684 3207
171 1684 3208
171 1684 3209
58 3173 3210
171 1684 3211
171 1684 3212
171 1684 3213
171 1684 3214
171 1684 3215
171 1684 3216
171 1684 3217
171 1684 3218
171 1684 3219
171 1684 3220
58 3173 3221
107 1726 3222
171 1684 3223
171 1684 3224
171 1684 3225
171 1684 3226
171 1684 3227
171 1684 3228
171 1684 3229
171 1684 3230
171 1684 3231
171 1684 3232
171 1684 3233
171 1684 3234
171 1684 3235
171 1684 3236
171 1684 3237
171 1684 3238
171 1684 3239
171 1684 3240
171 1684 3241
171 1684 3242
171 1684 3243
171 1684 3244
171 1684 3245
171 1684 3246
171 1684 3247
171 1684 3248
171 1684 3249
171 1684 3250
171 1684 3251
171 1684 3252
171 1684 3253
171 1684 3254
171 1684 3255
171 1684 3256
171 1684 3257
171 1684 3258
171 1684 3259
171 1684 3260
171 1684 3261
171 1684 3262
107 1726 3263
171 1684 3264
171 1684 3265
171 1684 3266
171 1684 3267
171 1684 3268
171 1684 3269
171 1684 3270
171 1684 3271
171 1684 3272
171 1684 3273
171 1684 3274
171 1684 3275
171 1684 3276
171 1684 3277
171 1684 3278
171 1684 3279
171 1684 3280
171 1684 3281
171 1684 3282
171 1684 3283
171 1684 3284
171 1684 3285
171 1684 3286
171 1684 3287
171 1684 3288
171 1684 3289
171 3290
171 1684 3291
171 1684 3292
171 1684 3293
171 1684 3294
171 1684 3295
171 1684 3296
171 1684 3297
171 1684 3298
171 1684 3299
171 1684 3300
171 1684 3301
171 1684 3302
171 1684 3303
171 1684 3304
171 1684 3305
171 1684 3306
171 1684 3307
171 1684 3308
171 1684 3309
171 1684 3310
171 1684 3311
171 1684 3312
171 1684 3313
171 1684 3314
171 1684 3315
171 1684 3316
171 1684 3317
171 1684 3318
171 1684 3319
171 1684 3320
171 1684 3321
171 1684 3322
171 1684 3323
171 1684 3324
171 1684 3325
171 1684 3326
171 1684 3327
171 1684 3328
171 1684 3329
171 1684 3330
171 1684 3331
171 1684 3332
171 1684 3333
171 1684 3334
58 3173 3335
171 1684 3336
171 1684 3337
171 1684 3338
171 1684 3339
171 1684 3340
171 1684 3341
171 1684 3342
171 1684 3343
171 1684 3344
171 1684 3345
171 1684 3346
171 1684 3347
171 1684 3348
171 1684 3349
171 1684 3350
171 1684 3351
171 1684 3352
171 1684 3353
171 1684 3354
171 1684 3355
171 1684 3356
171 1684 3357
171 1684 3358
171 1684 3359
171 1684 3360
171 1684 3361
171 1684 3362
171 1684 3363
171 1684 3364
171 1684 3365
171 1684 3366
171 1684 3367
171 1684 3368
171 1684 3369
171 1684 3370
171 1684 3371
171 1684 3372
171 1684 3373
171 1684 3374
171 1684 3375
171 1684 3376
171 1684 3377
171 1684 3378
171 1684 3379
171 1684 3380
58 3173 3381
171 1684 3382
171 1684 3383
171 1684 3384
107 1726 3385
171 1684 3386
171 1684 3387
171 1684 3388
171 1684 3389
171 1684 3390
171 1684 3391
171 1684 3392
171 1684 3393
171 1684 3394
171 1684 3395
171 1684 3396
171 1684 3397
171 1684 3398
171 1684 3399
171 1684 3400
171 1684 3401
171 1684 3402
171 1684 3403
171 1684 3404
171 1684 3405
171 1684 3406
171 1684 3407
171 1684 3408
171 1684 3409
171 1684 3410
171 1684 3411
171 1684 3412
171 1684 3413
171 1684 3414
171 1684 3415
171 1684 3416
171 1684 3417
58 3173 3418
171 1684 3419
171 1684 3420
171 1684 3421
171 1684 3422
171 1684 3423
171 1684 3424
171 1684 3425
171 1684 3426
171 1684 3427
171 1684 3428
171 1684 3429
171 1684 3430
58 3173 3431
107 1758 3432
171 1684 3433
171 1684 3434
171 1684 3435
171 1684 3436
107 1085 3437
107 1085 3877 3438
107 1085 3437 3439
107 1085 3440
107 1085 3437 3441
107 1085 3437 3442
107 1085 3437 3443
402 567 3861 3444
107 1085 3437 3445
107 1085 3437 3446
107 1085 3437 3447
107 1085 3948 3448
107 1085 3962 3449
107 1085 3437 3450
107 1085 3437 3451
107 1085 3877 3452
107 1085 3437 3453
402 567 3454
107 1085 3886 3455
107 1085 3456
107 1085 3830 3457
107 1085 3437 3458
107 1085 3437 3459
107 1085 3437 3460
107 1085 3495 3461
107 1085 3877 3462
402 567 3861 3463
107 1085 3437 3464
107 1085 3437 3465
107 1085 3437 3466
107 1085 3830 3467
107 1085 3437 3468
107 1085 3561 3469
107 1085 3437 3470
107 1085 3877 3471
107 1085 3437 3472
107 1085 3437 3473
107 1085 3437 3474
107 1085 3948 3475
107 1085 3437 3476
107 1085 3756 3477
107 1085 3437 3478
107 1085 3830 3479
107 1085 3830 3480
107 1085 3830 3481
107 1085 3437 3482
107 1085 3437 3483
107 1085 3684 3484
107 1085 3437 3485
107 1085 3437 3486
402 567 3487
107 1085 3877 3488
107 1085 3437 3489
107 1085 3437 3490
107 1085 3962 3491
107 1085 3756 3492
107 1085 3437 3493
107 1085 3437 3494
107 1085 3495
402 567 3861 3496
107 1085 3437 3497
107 1085 3437 3498
107 1085 3437 3499
107 1085 3437 3500
107 1085 3501
107 1085 3830 3502
107 1085 3437 3503
402 567 3723 3504
107 1085 3437 3505
107 1085 3437 3506
107 1085 3437 3507
107 1085 3437 3508
107 1085 3437 3509
107 1085 3437 3510
107 1085 3437 3511
107 1085 3830 3512
107 1085 3437 3513
107 1085 3830 3514
107 1085 3437 3515
107 1085 3830 3516
107 1085 3948 3517
107 1085 3830 3518
107 1085 3437 3519
107 1085 3684 3520
107 1085 3962 3521
107 1085 3872 3522
107 1085 3830 3523
107 1085 3437 3524
107 1085 3525
107 1085 3684 3526
107 1085 3851 3527
107 1085 3437 3528
107 1085 3437 3529
402 567 3723 3530
107 1085 3437 3531
107 1085 3437 3532
107 1085 3948 3533
107 1085 3437 3534
107 1085 3437 3535
107 1085 3437 3536
107 1085 3437 3537
107 1085 3437 3538
107 1085 3437 3539
107 1085 3540
107 1085 3437 3541
107 1085 3437 3542
107 1085 3437 3543
107 1085 3674 3544
107 1085 3962 3545
107 1085 3437 3546
107 1085 3750 3547
107 1085 3948 3548
107 1085 3437 3549
107 1085 3550
402 567 3961 3551
107 1085 3886 3552
107 1085 3437 3553
107 1085 3561 3554
107 1085 3437 3555
107 1085 3556
107 1085 3456 3557
107 1085 3437 3558
107 1085 3877 3559
107 1085 3830 3560
107 1085 3561
107 1085 3830 3562
107 1085 3962 3563
107 1085 3437 3564
107 1085 3756 3565
402 567 3961 3566
107 1085 3437 3567
107 1085 3437 3568
107 1085 3437 3569
107 1085 3437 3570
107 1085 3437 3571
107 1085 3437 3572
107 1085 3877 3573
107 1085 3877 3574
107 1085 3872 3575
107 1085 3877 3576
107 1085 3577
107 1085 3877 3578
107 1085 3437 3579
107 1085 3437 3580
107 1085 3437 3581
107 1085 3437 3582
107 1085 3437 3583
107 1085 3437 3584
107 1085 3437 3585
107 1085 3948 3586
107 1085 3437 3587
107 1085 3437 3588
107 1085 3592 3589
107 1085 3756 3590
107 1085 3437 3591
107 1085 3592
107 1085 3437 3593
107 1085 3830 3594
107 1085 3437 3595
107 1085 3962 3596
107 1085 3437 3597
107 1085 3437 3598
107 1085 3437 3599
402 567 3861 3600
107 1085 3437 3601
107 1085 3437 3602
107 1085 3756 3603
107 1085 3962 3604
107 1085 3948 3605
107 1085 3437 3606
107 1085 3437 3607
107 1085 3437 3608
107 1085 3609
107 1085 3674 3610
107 1085 3877 3611
107 1085 3561 3612
107 1085 3830 3613
107 1085 3437 3614
107 1085 3437 3615
107 1085 3437 3616
107 1085 3830 3617
107 1085 3851 3618
107 1085 3437 3619
107 1085 3437 3620
402 567 3861 3621
107 1085 3437 3622
107 1085 3437 3623
107 1085 3437 3624
107 1085 3962 3625
107 1085 3592 3626
107 1085 3437 3627
107 1085 3962 3628
107 1085 3437 3629
107 1085 3437 3630
107 1085 3437 3631
107 1085 3437 3632
107 1085 3633
107 1085 3437 3634
107 1085 3948 3635
107 1085 3437 3636
107 1085 3756 3637
107 1085 3437 3638
107 1085 3830 3639
107 1085 3437 3640
107 1085 3437 3641
107 1085 3577 3642
107 1085 3437 3643
107 1085 3437 3644
107 1085 3437 3645
107 1085 3437 3646
107 1085 3437 3647
107 1085 3437 3648
107 1085 3830 3649
107 1085 3437 3650
107 1085 3651
107 1085 3437 3652
107 1085 3437 3653
107 1085 3830 3654
107 1085 3437 3655
107 1085 3948 3656
107 1085 3437 3657
107 1085 3756 3658
107 1085 3437 3659
107 1085 3437 3660
107 1085 3948 3661
107 1085 3437 3662
107 1085 3437 3663
107 1085 3437 3664
107 1085 3437 3665
107 1085 3437 3666
107 1085 3962 3667
107 1085 3437 3668
107 1085 3830 3669
107 1085 3948 3670
107 1085 3437 3671
107 1085 3962 3672
402 567 3454 3673
107 1085 3674
107 1085 3437 3675
107 1085 3437 3676
107 1085 3677
107 1085 3437 3678
107 1085 3437 3679
107 1085 3830 3680
107 1085 3437 3681
107 1085 3437 3682
107 1085 3948 3683
107 1085 3684
107 1085 3437 3685
107 1085 3437 3686
107 1085 3830 3687
107 1085 3556 3688
107 1085 3721 3689
107 1085 3437 3690
107 1085 3830 3691
107 1085 3692
107 1085 3948 3693
107 1085 3437 3694
107 1085 3830 3695
107 1085 3437 3696
107 1085 3830 3697
107 1085 3437 3698
107 1085 3437 3699
107 1085 3830 3700
107 1085 3437 3701
107 1085 3948 3702
107 1085 3830 3703
107 1085 3437 3704
107 1085 3437 3705
107 1085 3437 3706
107 1085 3756 3707
107 1085 3437 3708
107 1085 3437 3709
107 1085 3437 3710
107 1085 3437 3711
107 1085 3692 3712
107 1085 3437 3713
107 1085 3437 3714
107 1085 3437 3715
107 1085 3437 3716
107 1085 3830 3717
107 1085 3437 3718
107 1085 3437 3719
107 1085 3437 3720
107 1085 3721
107 1085 3437 3722
402 567 3723
107 1085 3437 3724
107 1085 3437 3725
402 567 3861 3726
107 1085 3437 3727
107 1085 3437 3728
107 1085 3437 3729
107 1085 3437 3730
107 1085 3877 3731
107 1085 3437 3732
402 567 3861 3733
107 1085 3962 3734
107 1085 3437 3735
107 1085 3948 3736
107 1085 3525 3737
107 1085 3561 3738
107 1085 3437 3739
107 1085 3437 3740
107 1085 3741
402 567 3861 3742
107 1085 3437 3743
107 1085 3830 3744
107 1085 3437 3745
107 1085 3437 3746
107 1085 3437 3747
107 1085 3437 3748
107 1085 3437 3749
107 1085 3750
107 1085 3437 3751
107 1085 3561 3752
107 1085 3437 3753
107 1085 3437 3754
107 1085 3830 3755
107 1085 3756
107 1085 3437 3757
107 1085 3437 3758
107 1085 3437 3759
107 1085 3962 3760
107 1085 3437 3761
107 1085 3456 3762
107 1085 3437 3763
107 1085 3437 3764
107 1085 3830 3765
107 1085 3437 3766
107 1085 3437 3767
107 1085 3437 3768
107 1085 3437 3769
107 1085 3437 3770
107 1085 3437 3771
107 1085 3756 3772
107 1085 3437 3773
107 1085 3437 3774
402 567 3454 3775
107 1085 3437 3776
107 1085 3437 3777
107 1085 3437 3778
107 1085 3872 3779
107 1085 3877 3780
107 1085 3437 3781
107 1085 3437 3782
107 1085 3437 3783
107 1085 3437 3784
107 1085 3756 3785
107 1085 3437 3786
107 1085 3437 3787
107 1085 3677 3788
107 1085 3437 3789
107 1085 3851 3790
107 1085 3437 3791
107 1085 3437 3792
107 1085 3437 3793
107 1085 3437 3794
107 1085 3830 3795
107 1085 3851 3796
107 1085 3797
107 1085 3437 3798
107 1085 3437 3799
107 1085 3962 3800
107 1085 3437 3801
107 1085 3437 3802
107 1085 3561 3803
107 1085 3830 3804
107 1085 3440 3805
107 1085 3437 3806
107 1085 3437 3807
107 1085 3437 3808
107 1085 3437 3809
107 1085 3437 3810
107 1085 3437 3811
107 1085 3437 3812
107 1085 3830 3813
107 1085 3437 3814
107 1085 3437 3815
107 1085 3437 3816
107 1085 3851 3817
107 1085 3437 3818
107 1085 3437 3819
107 1085 3437 3820
107 1085 3437 3821
107 1085 3437 3822
107 1085 3437 3823
107 1085 3877 3824
107 1085 3561 3825
107 1085 3437 3826
107 1085 3437 3827
107 1085 3756 3828
107 1085 3437 3829
107 1085 3830
107 1085 3851 3831
107 1085 3830 3832
107 1085 3437 3833
107 1085 3437 3834
107 1085 3437 3835
107 1085 3437 3836
107 1085 3437 3837
107 1085 3943 3838
107 1085 3677 3839
107 1085 3437 3840
107 1085 3962 3841
107 1085 3948 3842
107 1085 3437 3843
107 1085 3437 3844
107 1085 3851 3845
107 1085 3437 3846
107 1085 3677 3847
107 1085 3437 3848
402 567 3861 3849
107 1085 3437 3850
107 1085 3851
107 1085 3886 3852
107 1085 3437 3853
107 1085 3437 3854
107 1085 3437 3855
107 1085 3437 3856
107 1085 3437 3857
107 1085 3830 3858
402 567 3861 3859
107 1085 3830 3860
402 567 3861
107 1085 3437 3862
107 1085 3437 3863
107 1085 3830 3864
107 1085 3437 3865
107 1085 3437 3866
107 1085 3437 3867
107 1085 3437 3868
107 1085 3437 3869
107 1085 3437 3870
107 1085 3437 3871
107 1085 3872
107 1085 3962 3873
107 1085 3437 3874
107 1085 3437 3875
107 1085 3437 3876
107 1085 3877
107 1085 3437 3878
107 1085 3437 3879
107 1085 3830 3880
107 1085 3437 3881
107 1085 3437 3882
107 1085 3830 3883
107 1085 3948 3884
107 1085 3437 3885
107 1085 3886
107 1085 3437 3887
107 1085 3872 3888
107 1085 3943 3889
107 1085 3437 3890
107 1085 3592 3891
107 1085 3437 3892
107 1085 3437 3893
107 1085 3437 3894
107 1085 3437 3895
107 1085 3437 3896
107 1085 3437 3897
107 1085 3830 3898
107 1085 3437 3899
107 1085 3437 3900
107 1085 3437 3901
107 1085 3877 3902
107 1085 3437 3903
402 567 3861 3904
107 1085 3437 3905
107 1085 3437 3906
107 1085 3437 3907
107 1085 3495 3908
107 1085 3437 3909
107 1085 3437 3910
107 1085 3830 3911
107 1085 3437 3912
107 1085 3830 3913
107 1085 3437 3914
107 1085 3437 3915
107 1085 3592 3916
107 1085 3437 3917
107 1085 3830 3918
107 1085 3830 3919
107 1085 3437 3920
107 1085 3437 3921
107 1085 3437 3922
107 1085 3437 3923
107 1085 3437 3924
402 567 3961 3925
107 1085 3943 3926
107 1085 3561 3927
107 1085 3633 3928
107 1085 3948 3929
107 1085 3877 3930
107 1085 3437 3931
107 1085 3437 3932
107 1085 3437 3933
107 1085 3495 3934
107 1085 3437 3935
107 1085 3437 3936
107 1085 3437 3937
107 1085 3962 3938
107 1085 3437 3939
107 1085 3437 3940
107 1085 3437 3941
107 1085 3561 3942
107 1085 3943
107 1085 3962 3944
107 1085 3561 3945
107 1085 3437 3946
107 1085 3437 3947
107 1085 3948
107 1085 3437 3949
107 1085 3872 3950
107 1085 3437 3951
107 1085 3437 3952
107 1085 3437 3953
402 567 3861 3954
107 1085 3437 3955
107 1085 3437 3956
107 1085 3830 3957
107 1085 3437 3958
107 1085 3437 3959
107 1085 3437 3960
402 567 3961
107 1085 3962
107 1085 3437 3963
107 1085 3561 3964
107 1085 3437 3965
107 1085 3877 3966
107 1085 3437 3967
107 1085 3962 3968
107 1085 3437 3969
107 1085 3830 3970
107 1085 3948 3971
107 1085 3437 3972
107 1085 3437 3973
107 1085 3437 3974
107 1085 3437 3975
107 1085 3437 3976
107 1085 3437 3977
107 1085 3495 3978
107 1085 3872 3979
402 563 594 3980
402 563 594 3980 3981
402 563 594 3980 3982
402 563 594 3980 3983
402 563 594 3980 3984
402 563 594 3980 3985
402 563 594 3980 3986
402 563 594 3980 3987
402 563 594 3980 3988
402 563 594 3989
402 563 594 3980 3990
402 563 594 4031 3991
402 563 594 3980 3992
402 563 594 3980 3993
402 563 594 3980 3994
402 563 594 3980 3995
402 563 594 3980 3996
402 563 594 3980 3997
402 563 594 3980 3998
402 563 594 3980 3999
402 563 594 3980 4000
402 563 594 3980 4001
402 563 594 4031 4002
402 563 594 3980 4003
402 563 594 4031 4004
402 563 594 3980 4005
402 563 594 3980 4006
402 563 594 3980 4007
402 563 594 3980 4008
402 563 594 3980 4009
402 563 594 3980 4010
402 563 594 4011
402 563 594 3980 4012
402 563 594 4031 4013
402 563 594 3980 4014
402 563 594 3980 4015
402 563 594 3980 4016
402 563 594 3980 4017
402 563 594 3980 4018
402 563 594 3980 4019
402 563 594 4031 4020
402 563 594 3980 4021
402 563 594 3980 4022
402 563 594 4031 4023
402 563 594 3980 4024
402 563 594 3980 4025
402 563 594 3980 4026
402 563 594 4031 4027
402 563 594 3980 4028
402 563 594 3980 4029
402 563 594 3980 4030
402 563 594 4031
402 563 594 3980 4032
402 563 594 3980 4033
402 563 594 3980 4034
402 563 594 3980 4035
402 563 594 3980 4036
402 563 594 3980 4037
402 563 594 4031 4038

