Iteration: 1
564 198 0
564 198 0 1
564 198 0 2
564 198 0 3
564 198 0 4
564 198 0 5
564 198 0 6
563 1912 136 7
564 198 0 8
564 198 0 9
564 198 0 10
564 198 0 11
564 198 0 12
564 198 0 13
564 198 0 14
564 198 0 15
564 198 0 16
564 198 0 17
564 198 0 18
564 198 0 19
564 198 0 20
563 1912 136 21
564 198 0 22
564 198 0 23
649 173 80 24
564 198 0 25
564 198 0 26
564 198 0 27
564 198 0 28
564 198 0 29
564 198 0 30
564 198 0 31
564 198 0 32
564 198 0 33
428 34
564 198 0 35
564 198 0 36
564 198 0 37
564 198 0 38
564 198 0 39
564 198 0 40
564 198 0 41
564 198 0 42
564 198 0 43
564 198 0 44
564 198 0 45
564 198 0 46
564 198 0 47
649 173 80 48
564 198 0 49
564 198 0 50
564 198 0 51
564 198 0 52
564 198 0 53
564 198 0 54
564 198 0 55
563 1912 136 56
649 173 80 57
563 1912 58
564 198 0 59
564 198 0 60
564 198 0 61
564 198 0 62
564 198 0 63
641 1549 171 64
564 198 0 65
564 198 0 66
563 1912 136 67
564 198 0 68
564 198 0 69
564 198 0 70
564 198 0 71
564 198 0 72
564 198 0 73
564 198 0 74
564 198 0 75
564 198 0 76
564 198 0 77
564 198 0 78
564 198 0 79
649 173 80
564 198 0 81
564 198 0 82
564 198 0 83
564 198 0 84
564 198 0 85
564 198 0 86
563 1912 136 87
649 173 80 88
564 198 0 89
564 198 0 90
564 198 0 91
649 173 80 92
564 198 0 93
649 173 80 94
564 198 0 95
564 198 0 96
564 198 0 97
564 198 0 98
564 198 0 99
649 173 163 100
649 173 80 101
564 198 0 102
563 1912 136 103
564 198 0 104
564 198 0 105
564 198 0 106
651 107
564 198 0 108
564 198 0 109
564 198 0 110
564 198 0 111
564 198 0 112
564 198 0 113
564 198 0 114
564 198 0 115
564 198 0 116
564 198 0 117
564 198 0 118
641 1549 171 119
563 1912 136 120
564 198 0 121
563 1912 136 122
564 198 0 123
564 198 0 124
563 1912 136 125
564 198 0 126
564 198 0 127
564 198 0 128
564 198 0 129
564 198 0 130
564 198 0 131
564 198 0 132
564 198 0 133
564 198 0 134
564 198 0 135
563 1912 136
564 198 0 137
564 198 0 138
564 198 0 139
564 198 0 140
564 198 0 141
564 198 0 142
564 198 0 143
564 198 0 144
564 198 0 145
563 1912 136 146
564 198 0 147
564 198 0 148
564 198 0 149
641 1549 171 150
564 198 0 151
564 198 0 152
564 198 0 153
564 198 0 154
564 198 0 155
563 1912 136 156
564 198 0 157
564 198 0 158
564 198 0 159
564 198 0 160
564 198 0 161
564 198 0 162
649 173 163
564 198 0 164
564 198 0 165
564 198 166
564 198 0 167
564 198 0 168
563 1912 136 169
564 198 0 170
641 1549 171
564 198 0 172
649 173
564 198 0 174
564 198 0 175
564 198 0 176
564 198 0 177
564 198 0 178
564 198 0 179
649 173 80 180
564 198 0 181
564 198 0 182
564 198 0 183
564 198 0 184
564 198 0 185
564 198 0 186
649 173 80 187
564 198 0 188
641 1549 171 189
564 198 0 190
564 198 0 191
564 198 0 192
564 198 0 193
649 173 80 194
564 198 0 195
564 198 0 196
564 198 0 197
564 198
564 198 0 199
564 198 0 200
564 198 0 201
649 173 202
564 198 0 203
649 173 80 204
564 198 0 205
564 198 0 206
564 198 0 207
564 198 0 208
564 198 0 209
564 198 0 210
564 198 0 211
564 198 0 212
563 1912 136 213
564 198 0 214
564 198 0 215
564 198 0 216
641 1549 171 217
564 198 0 218
564 198 0 219
564 198 0 220
564 198 0 221
564 198 0 222
564 198 0 223
564 198 0 224
564 198 0 225
564 198 0 226
564 198 0 227
564 198 0 228
564 198 0 229
564 198 0 230
564 198 0 231
564 198 0 232
564 198 0 233
564 198 0 234
564 198 0 235
564 198 0 236
564 198 0 237
564 198 0 238
564 198 0 239
564 198 0 240
564 198 0 241
649 173 80 242
564 198 0 243
564 198 0 244
564 198 0 245
563 1912 136 246
564 198 0 247
564 198 0 248
649 173 163 249
564 198 0 250
564 198 0 251
564 198 0 252
564 198 0 253
564 198 0 254
564 198 0 255
564 198 0 256
564 198 0 257
564 198 0 258
564 198 0 259
564 198 0 260
564 198 0 261
564 198 0 262
564 198 0 263
564 198 0 264
564 198 0 265
649 173 80 266
564 198 0 267
564 198 0 268
563 1912 58 269
564 198 0 270
564 198 0 271
564 198 0 272
564 198 0 273
564 198 0 274
564 198 0 275
564 198 0 276
564 198 0 277
564 198 0 278
564 198 0 279
564 198 0 280
564 198 0 281
564 198 0 282
564 198 0 283
564 198 0 284
563 1912 136 285
564 198 0 286
564 198 0 287
564 198 0 288
564 198 0 289
564 198 0 290
564 198 0 291
564 198 0 292
564 198 0 293
564 198 0 294
564 198 0 295
564 198 0 296
564 198 0 297
564 198 0 298
649 173 80 299
649 173 80 300
564 198 0 301
564 198 0 302
564 198 0 303
563 1912 136 304
564 198 0 305
564 198 0 306
564 198 0 307
563 1912 136 308
564 198 0 309
564 198 0 310
564 198 0 311
564 198 0 312
564 198 0 313
564 198 0 314
563 1912 136 315
564 198 0 316
564 198 0 317
564 198 0 318
564 198 0 319
649 173 80 320
564 198 0 321
563 1912 136 322
564 198 0 323
563 1912 136 324
564 198 0 325
564 198 0 326
564 198 0 327
564 198 0 328
649 173 202 329
649 173 80 330
564 198 0 331
564 198 0 332
564 198 0 333
564 198 0 334
564 198 0 335
564 198 0 336
564 198 0 337
564 198 0 338
563 1912 136 339
564 198 0 340
564 198 0 341
564 198 0 342
564 198 0 343
564 198 0 344
564 198 0 345
649 173 80 346
564 198 0 347
572 348
534 349
563 350
564 351
542 352
651 353
557 354
565 355
472 356
563 357
572 348 358
562 359
570 360
568 361
570 362
669 363
564 364
556 365
651 366
566 367
559 368
563 369
683 370
542 371
570 372
683 373
683 374
538 375
683 376
572 348 377
676 378
532 379
554 380
554 381
555 382
570 387 383
552 384
524 385
532 386
570 387
567 388
554 389
539 390
669 391
567 392
564 393
683 394
683 395
570 396
570 397
561 398
564 399
683 400
532 386 401
570 402
802 806
805 807
797 808
797 809
805 810
800 811
778 812
799 813
805 814
805 815
768 816
805 817
805 818
805 819
803 820
773 821
796 822
805 823
805 824
698 825
784 826
805 827
805 828
805 829
805 830
805 831
803 832
789 833
805 834
799 835
793 836
805 837
805 838
789 839
805 840
740 841
805 842
805 843
805 844
800 845
785 846
805 847
761 848
804 849
793 850
800 851
798 852
805 853
784 854
798 855
804 856
698 857
698 858
698 859
698 860
804 861
698 862
804 863
698 864
698 865
698 866
776 867
698 868
774 869
698 870
698 871
776 872
776 873
776 874
698 875
804 876
776 877
804 878
698 879
805 880
698 881
804 882
698 883
698 884
776 885
804 886
776 887
804 888
804 889
769 890
698 891
698 892
698 893
698 894
698 895
637 896
526 1861 897
483 1875 898
651 107 899
563 1687 900
606 1548 901
483 1899 902
606 1548 903
651 107 904
651 905
526 906
526 1730 907
563 1687 908
641 1436 909
637 1808 910
651 107 911
637 1808 912
484 913
637 1897 914
641 915
526 1864 916
606 917
651 107 918
483 919
637 1584 920
526 1864 921
526 1800 922
651 107 923
606 1876 924
526 1861 925
484 1604 926
526 1791 927
651 107 928
651 107 929
641 930
580 931
526 1864 932
483 933
526 1800 934
596 1680 935
651 936
651 107 937
606 1548 938
651 1545 939
596 1650 940
483 1907 941
483 942
651 1536 943
606 1876 944
483 1406 945
526 1800 946
526 1864 947
538 948
566 1630 949
563 1687 950
563 1687 951
526 1800 952
484 953
483 954
651 107 955
606 1548 956
637 957
606 1548 958
484 1604 959
526 1800 960
596 1688 961
641 962
606 963
606 1876 964
651 1536 965
526 1864 966
484 1813 967
637 968
483 1894 969
563 1687 970
637 1871 971
484 1238 972
651 107 973
651 107 974
483 1899 975
601 976
651 1709 977
484 1813 978
651 107 979
526 1861 980
483 1899 981
526 1864 982
526 1864 983
483 984
651 107 985
651 1536 986
483 1794 987
483 1899 988
483 1899 989
606 1674 990
651 107 991
606 1548 992
526 993
566 1630 994
526 1861 995
651 107 996
526 1861 997
484 1173 998
526 1864 999
651 107 1000
651 1001
651 107 1002
526 1800 1003
526 1800 1004
483 1783 1005
526 1864 1006
483 1661 1007
606 1674 1008
483 1899 1009
596 1828 1010
651 1011
651 1012
563 1013
483 1014
483 1899 1015
651 107 1016
526 1864 1017
637 1018
596 1019
483 1020
483 1899 1021
596 1022
649 1023
526 1800 1024
637 1025
484 1813 1026
651 107 1027
526 1800 1028
484 1029
641 1237 1030
651 107 1031
596 1032
563 1687 1033
651 107 1034
651 1778 1035
483 1899 1036
606 1876 1037
526 1861 1038
526 1864 1039
526 1864 1040
606 1876 1041
606 1876 1042
651 107 1043
596 1680 1044
651 107 1045
651 107 1046
526 1861 1047
526 1864 1048
526 1049
651 107 1050
606 1876 1051
606 1052
637 1808 1053
526 1054
651 107 1055
526 1864 1056
606 917 1057
651 107 1058
526 1800 1059
641 1060
563 1687 1061
606 1876 1062
526 1768 1063
637 1901 1064
651 107 1065
483 1066
637 1067
641 1881 1068
484 1238 1069
641 1070
651 107 1071
651 1709 1072
526 1861 1073
526 1074
526 1075
526 1861 1076
651 107 1077
526 1078
484 1813 1079
651 1080
483 1894 1081
483 1899 1082
526 1800 1083
526 1768 1084
698 3437 1085
641 1086
651 107 1087
526 1540 1088
483 1783 1089
651 107 1090
484 1598 1091
526 1864 1092
483 1783 1093
651 1545 1094
580 1095
651 107 1096
606 1548 1097
651 107 1098
483 1099
483 1899 1100
526 1864 1101
483 1102
596 1103
637 1104
651 107 1105
606 1727 1106
526 1864 1107
483 1108
428 1109
606 1110
651 107 1111
526 1800 1112
651 1113
641 1114
483 1899 1115
526 1864 1116
526 1864 1117
606 1548 1118
651 107 1119
483 1899 1120
651 1744 1121
651 1122
641 1086 1123
526 1861 1124
526 1864 1125
484 1813 1126
651 1709 1127
637 1128
596 1129
526 1800 1130
651 1709 1131
484 1813 1132
651 107 1133
651 1709 1134
484 1885 1135
563 1136
606 1548 1137
651 107 1138
606 1876 1139
484 1173 1140
651 1709 1141
637 1142
637 1143
563 1687 1144
651 107 1145
526 1861 1146
483 1894 1147
637 1148
526 1800 1149
651 107 1150
526 1540 1151
483 1783 1152
526 1800 1153
637 1543 1154
637 1155
526 1800 1156
651 107 1157
483 1158
606 1876 1159
484 1160
526 1540 1161
637 1901 1162
526 1800 1163
526 1730 1164
484 1029 1165
483 1166
606 1876 1167
651 107 1168
651 1169
483 1894 1170
484 1173 1171
484 1813 1172
484 1173
563 1687 1174
526 1861 1175
651 107 1176
641 1436 1177
651 107 1178
651 1179
484 1813 1180
484 1813 1181
526 1768 1182
606 1183
484 1813 1184
526 1864 1185
606 1548 1186
651 107 1187
606 1876 1188
637 1189
483 1899 1190
526 1191
637 1192
651 107 1193
483 1492 1194
526 1800 1195
651 107 1196
651 107 1197
526 1800 1198
526 1864 1199
651 1574 1200
526 1768 1201
517 1268 1202
651 107 1203
637 1204
526 1864 1205
651 107 1206
526 1800 1207
651 107 1208
526 1209
641 1210
526 1864 1211
637 1901 1212
483 1783 1213
526 1864 1214
596 1215
606 1548 1216
563 1217
651 107 1218
526 1864 1219
526 1367 1220
483 1899 1221
484 1885 1222
651 1223
651 107 1224
606 1876 1225
538 1226
483 1899 1227
641 1549 1228
596 1229
526 1864 1230
641 1231
606 1548 1232
596 1233
649 1694 1234
641 1235
651 1709 1236
641 1237
484 1238
526 1730 1239
651 107 1240
606 1876 1241
526 1242
484 1885 1243
566 1630 1244
483 1245
483 1875 1246
637 1897 1247
641 1114 1248
651 1428 1249
526 1250
563 1687 1251
651 107 1252
651 107 1253
651 107 1254
484 1813 1255
526 1864 1256
596 1872 1257
606 1738 1258
483 1783 1259
606 1876 1260
483 1261
651 107 1262
483 1783 1263
651 107 1264
526 1265
651 107 1266
526 1800 1267
517 1268
526 1864 1269
651 107 1270
526 1800 1271
484 1813 1272
641 1273
563 1687 1274
606 1876 1275
526 1791 1276
637 1277
526 1278
483 1899 1279
526 1861 1280
483 1281
483 1282
526 1540 1283
483 1284
484 1598 1285
629 1893 1286
526 1864 1287
526 1800 1288
526 1864 1289
526 1290
526 1864 1291
483 1899 1292
526 1800 1293
580 1294
651 107 1295
563 1745 1296
641 1549 1297
483 1899 1298
606 1876 1299
641 1300
651 107 1301
526 1800 1302
483 1303
606 1876 1304
484 1813 1305
606 1738 1306
563 1687 1307
651 107 1308
483 1309
606 1876 1310
596 1311
526 1864 1312
641 1313
606 1314
483 1899 1315
483 1894 1316
526 1049 1317
651 1318
606 1548 1319
651 1320
484 1813 1321
596 1322
484 1813 1323
637 1324
563 1687 1325
651 107 1326
484 1813 1327
563 1687 1328
526 1329
526 1861 1330
526 1864 1331
641 1332
606 1548 1333
606 1334
526 1864 1335
484 1604 1336
484 1813 1337
563 1338
526 1800 1339
526 1800 1340
526 1864 1341
641 1425 1342
637 1897 1343
526 1344
596 1345
484 1029 1346
483 1899 1347
651 1709 1348
606 1349
483 1894 1350
526 1864 1351
526 1861 1352
651 1357 1353
483 1660 1354
606 1876 1355
641 1881 1356
651 1357
651 1358
526 1861 1359
563 1687 1360
484 1813 1361
651 107 1362
606 1548 1363
637 1897 1364
637 1584 1365
606 1876 1366
526 1367
651 107 1368
526 1644 1369
526 1800 1370
606 1371
651 107 1372
483 1373
651 1374
526 1800 1375
526 1864 1376
526 1377
606 1548 1378
483 1899 1379
526 1800 1380
483 1899 1381
483 1382
651 107 1383
651 107 1384
651 1778 1385
651 107 1386
641 1549 1387
526 1864 1388
484 1813 1389
526 1800 1390
484 1813 1391
483 1392
526 1393
651 107 1394
651 107 1395
483 1396
484 1397
651 107 1398
526 1864 1399
641 1400
651 107 1401
526 1800 1402
651 107 1403
483 1899 1404
526 1329 1405
483 1406
526 1407
651 1408
526 1864 1409
563 1687 1410
526 1540 1411
596 1412
483 1875 1413
596 1872 1414
483 1783 1415
526 1416
483 1899 1417
641 1830 1418
606 1674 1419
526 1864 1420
563 1687 1421
484 1422
637 1423
606 1548 1424
641 1425
483 1899 1426
637 1427
651 1428
637 1429
483 1660 1430
526 1864 1431
483 1899 1432
563 1687 1433
651 107 1434
566 1435
641 1436
526 1864 1437
483 1899 1438
651 107 1439
651 107 1440
651 107 1441
651 107 1442
651 107 1443
606 1444
563 1687 1445
641 1446
526 1861 1447
641 1448
526 1800 1449
651 107 1450
483 1894 1451
606 1548 1452
637 1897 1453
483 1454
483 1455
526 1800 1456
526 1800 1457
526 1768 1458
641 1459
526 1768 1460
651 107 1461
483 1899 1462
651 1358 1463
637 1464
563 1912 1465
651 107 1466
526 1800 1467
606 1548 1468
606 1876 1469
526 1861 1470
526 1800 1471
606 1876 1472
651 1473
651 107 1474
641 1475
651 107 1476
651 107 1477
580 1743 1478
637 1479
526 1800 1480
606 1876 1481
606 1876 1482
484 1813 1483
526 1800 1484
484 1813 1485
651 107 1486
651 1487
484 1813 1488
629 1893 1489
606 1490
526 1864 1491
483 1492
606 1548 1493
563 1687 1494
483 1495
563 1745 1496
484 1885 1497
651 107 1498
651 107 1499
566 1630 1500
651 107 1501
483 1907 1502
483 1894 1503
606 1876 1504
606 1674 1505
484 1506
606 1876 1507
483 1508
637 1901 1509
651 1778 1510
563 1687 1511
651 1512
526 1791 1513
606 1514
596 1515
484 1813 1516
484 1813 1517
606 1620 1518
526 1519
526 1861 1520
651 107 1521
526 1864 1522
526 1800 1523
526 1800 1524
637 1897 1525
651 1526
606 1674 1527
526 1528
596 1828 1529
484 1813 1530
606 1876 1531
526 1800 1532
606 1548 1533
563 1687 1534
526 1861 1535
651 1536
484 1029 1537
526 1800 1538
526 1861 1539
526 1540
606 1727 1541
526 1800 1542
637 1543
651 107 1544
651 1545
651 107 1546
526 1864 1547
606 1548
641 1549
483 1875 1550
526 1864 1551
606 1674 1552
526 1861 1553
526 1864 1554
563 1687 1555
637 1143 1556
526 1557
651 107 1558
526 1864 1559
651 107 1560
484 913 1561
651 107 1562
526 1861 1563
651 107 1564
651 1565
580 1743 1566
563 1687 1567
606 1548 1568
596 1872 1569
526 1861 1570
526 1864 1571
526 1800 1572
641 1573
651 1574
483 1894 1575
596 1576
563 1912 1577
637 1578
651 107 1579
526 1861 1580
651 107 1581
483 1582
483 1899 1583
637 1584
651 107 1585
651 107 1586
483 1899 1587
563 1687 1588
526 1864 1589
526 1800 1590
483 1899 1591
596 1872 1592
563 1687 1593
651 107 1594
637 1595
483 1899 1596
526 1800 1597
484 1598
637 1901 1599
526 1600
606 1548 1601
651 1882 1602
526 1864 1603
484 1604
526 1800 1605
651 1606
651 107 1607
526 1861 1608
526 1609
484 1813 1610
483 1611
526 1800 1612
526 1861 1613
526 1864 1614
563 1687 1615
641 1616
526 1864 1617
526 1540 1618
526 1861 1619
606 1620
484 1813 1621
526 1861 1622
526 1864 1623
483 1783 1624
641 1625
484 1813 1626
651 107 1627
637 1628
651 1536 1629
566 1630
483 1631
526 1800 1632
606 1876 1633
606 1876 1634
483 1899 1635
483 1899 1636
526 1861 1637
483 1638
484 1813 1639
651 107 1640
651 107 1641
606 1674 1642
484 1813 1643
526 1644
651 1645
484 1885 1646
637 1647
606 1548 1648
637 1871 1649
596 1650
526 1768 1651
526 1800 1652
526 1800 1653
483 1654
596 1872 1655
563 1687 1656
637 1808 1657
637 1897 1658
526 1861 1659
483 1660
483 1661
526 1864 1662
526 1861 1663
606 1876 1664
484 1813 1665
651 107 1666
483 1783 1667
526 1800 1668
526 1861 1669
484 953 1670
641 1671
596 1828 1672
651 1673
606 1674
484 1885 1675
563 1687 1676
637 1677
651 107 1678
651 1679
596 1680
606 1727 1681
483 1682
641 1881 1683
698 860 1684
526 1861 1685
606 1876 1686
563 1687
596 1688
526 1864 1689
651 1536 1690
483 1899 1691
651 1692
651 107 1693
649 1694
538 1695
641 1844 1696
651 107 1697
563 1687 1698
606 1699
526 1644 1700
651 107 1701
484 1813 1702
606 1876 1703
483 1894 1704
563 1687 1705
483 1706
526 1864 1707
563 1687 1708
651 1709
526 1710
526 1540 1711
526 1800 1712
606 1444 1713
526 1864 1714
483 1899 1715
637 1716
526 1861 1717
563 1912 1718
563 1687 1719
637 1720
484 1813 1721
526 1864 1722
526 1864 1723
526 1724
606 1876 1725
651 107 1726
606 1727
483 1875 1728
483 1729
526 1730
651 107 1731
483 1732
606 1548 1733
526 1861 1734
526 1800 1735
526 1864 1736
526 1800 1737
606 1738
606 1876 1739
580 1740
526 1861 1741
483 1742
580 1743
651 1744
563 1745
484 1813 1746
606 1548 1747
651 1709 1748
651 1709 1749
641 1844 1750
483 1751
526 1861 1752
526 1864 1753
526 1754
651 107 1755
651 1709 1756
526 1800 1757
606 1674 1758
651 107 1759
641 1070 1760
637 1897 1761
483 1654 1762
651 1763
637 1720 1764
484 1813 1765
641 1766
651 1767
526 1768
651 107 1769
606 1876 1770
526 1800 1771
526 1861 1772
483 1773
526 1768 1774
526 1730 1775
637 1808 1776
563 1777
651 1778
651 107 1779
526 1800 1780
641 1830 1781
526 1800 1782
483 1783
606 1371 1784
596 1828 1785
483 1786
606 1876 1787
651 107 1788
526 1861 1789
637 1790
526 1791
651 107 1792
526 1864 1793
483 1794
526 1861 1795
484 1813 1796
484 1598 1797
606 1548 1798
484 1813 1799
526 1800
483 1801
606 1548 1802
563 1687 1803
526 1861 1804
484 1813 1805
563 1687 1806
637 1897 1807
637 1808
484 1813 1809
526 1800 1810
526 1861 1811
483 1812
484 1813
517 1268 1814
651 1709 1815
526 1864 1816
651 107 1817
637 1897 1818
526 1800 1819
483 1820
526 1078 1821
651 107 1822
526 1800 1823
483 1824
563 1687 1825
484 1813 1826
526 1864 1827
596 1828
651 1744 1829
641 1830
637 1901 1831
484 1598 1832
484 1813 1833
651 107 1834
526 1864 1835
526 1800 1836
606 1548 1837
651 107 1838
526 1864 1839
651 107 1840
483 1875 1841
526 1864 1842
526 1800 1843
641 1844
526 1864 1845
651 107 1846
538 1226 1847
483 1848
526 1864 1849
629 1850
526 1791 1851
651 107 1852
637 1853
651 107 1854
651 353 1855
484 1029 1856
483 1899 1857
651 107 1858
596 1859
526 1768 1860
526 1861
483 1899 1862
526 1768 1863
526 1864
651 107 1865
563 1687 1866
484 1885 1867
484 1813 1868
563 1338 1869
580 1870
637 1871
596 1872
483 1899 1873
651 107 1874
483 1875
606 1876
526 1800 1877
580 1878
526 1864 1879
606 1548 1880
641 1881
651 1882
606 1674 1883
483 1899 1884
484 1885
526 1800 1886
483 1899 1887
526 1864 1888
651 107 1889
651 107 1890
526 1861 1891
606 1548 1892
629 1893
483 1894
606 1548 1895
651 107 1896
637 1897
484 1813 1898
483 1899
526 1768 1900
637 1901
526 1864 1902
483 1899 1903
651 1709 1904
651 107 1905
606 1876 1906
483 1907
651 107 1908
526 1768 1909
637 1901 1910
484 1813 1911
563 1912
563 1912 1913
563 1912 1914
563 1912 1915
563 1912 1916
563 1912 1917
563 1912 1918
563 1912 1919
563 1912 1920
563 1912 1921
563 1912 1922
563 1912 1923
563 1912 1924
563 1912 1925
563 1912 1926
563 1912 1927
563 1912 1928
563 1912 1929
563 1912 1930
563 1912 1931
563 1912 1932
563 1912 1933
563 1912 1934
563 1912 1935
563 1912 1936
563 1912 1937
563 1912 1938
563 1912 1939
563 1912 1940
563 1912 1941
563 1912 1942
563 1912 1943
563 1912 1944
563 1912 1945
563 1912 1946
563 1912 1947
563 1912 1948
563 1912 1949
563 1912 1950
563 1912 1951
563 1912 1952
563 1912 1953
563 1912 1954
563 1912 1955
563 1912 1956
563 1912 1957
563 1912 1958
563 1912 1959
563 1912 1960
563 1912 1961
563 1912 1962
563 1912 1963
563 1912 1964
563 1912 1965
563 1912 1966
563 1967
563 1912 1968
563 1912 1969
563 1912 1970
563 1912 1971
563 1912 1972
563 1912 1973
563 1912 1974
563 1912 1975
563 1912 1976
563 1912 1977
563 1912 1978
563 1912 1979
563 1912 1980
563 1912 1981
563 1912 1982
563 1912 1983
563 1912 1984
563 1912 1985
563 1912 1986
563 1912 1987
563 1912 1988
563 1912 1989
563 1912 1990
563 1912 1991
563 1912 1992
563 1912 1993
563 1912 1994
563 1912 1995
563 1912 1996
563 1912 1997
563 1912 1998
563 1912 1999
563 1912 2000
563 1912 2001
563 1912 2002
563 1912 2003
563 1912 2004
563 1912 2005
563 1912 2006
563 1912 2007
563 1912 2008
563 1912 2009
563 1912 2010
563 1912 2011
563 1912 2012
563 1912 2013
563 1912 2014
563 1912 2015
563 1912 2016
563 1912 2017
563 1912 2018
563 1912 2019
563 1912 2020
563 1912 2021
563 1912 2022
563 1912 2023
563 1912 2024
563 1912 2025
563 1912 2026
563 1912 2027
563 1912 2028
563 1912 2029
563 1912 2030
563 1912 2031
563 1912 2032
563 1912 2033
563 1912 2034
563 1912 2035
563 1912 2036
563 1912 2037
563 1912 2038
563 1912 2039
563 1912 2040
563 1912 2041
563 1912 2042
563 1912 2043
563 1912 2044
563 1912 2045
563 1912 2046
563 1912 2047
563 1912 2048
563 1912 2049
563 1912 2050
563 1912 2051
563 1912 2052
563 1912 2053
563 1912 2054
563 1912 2055
563 1912 2056
563 1912 2057
563 1912 2058
563 1912 2059
563 1912 2060
563 1912 2061
563 1912 2062
563 1912 2063
563 1912 2064
563 1912 2065
563 1912 2066
563 1912 2067
563 1912 2068
563 1912 2069
563 1912 2070
563 1912 2071
563 1912 2072
563 1912 2073
563 1912 2074
563 1912 2075
563 1912 2076
563 1912 2077
563 1912 2078
563 1912 2079
563 1912 2080
563 1912 2081
563 1912 2082
563 1912 2083
563 1912 2084
563 1912 2085
563 1912 2086
563 1912 2087
563 1912 2088
563 1912 2089
563 1912 2090
563 1912 2091
563 1912 2092
563 1912 2093
563 1912 2094
563 1912 2095
563 1912 2096
563 1912 2097
563 1912 2098
563 1912 2099
563 1912 2100
563 1912 2101
563 1912 2102
563 1912 2103
563 1912 2104
563 1912 2105
563 1912 2106
563 1912 2107
563 1912 2108
563 1912 2109
563 1912 2110
563 1912 2111
563 1912 2112
563 1912 2113
563 1912 2114
563 1912 2115
563 1912 2116
563 1912 2117
563 1912 2118
563 1912 2119
563 1912 2120
563 1912 2121
563 1912 2122
563 1912 2123
563 1912 2124
563 1912 2125
563 1912 2126
563 1912 2127
563 1912 2128
563 1912 2129
563 1912 2130
563 1912 2131
563 1912 2132
563 1912 2133
563 1912 2134
563 1912 2135
563 1912 2136
563 1912 2137
563 1912 2138
563 1912 2139
563 1912 2140
563 1912 2141
563 1912 2142
563 1912 2143
563 1912 2144
563 1912 2145
563 1912 2146
563 1912 2147
563 1912 2148
563 1912 2149
563 1912 2150
563 1912 2151
563 1912 2152
563 1912 2153
563 1912 2154
563 1912 2155
563 1912 2156
563 1912 2157
563 1912 2158
563 1912 2159
563 1912 2160
563 1912 2161
563 1912 2162
563 1912 2163
563 1912 2164
563 1912 2165
563 1912 2166
563 1912 2167
563 1912 2168
563 1912 2169
563 1912 2170
563 1912 2171
563 1912 2172
563 1912 2173
563 1912 2174
563 1912 2175
563 1912 2176
563 1912 2177
563 1912 2178
563 1912 2179
563 1912 2180
563 1912 2181
563 1912 2182
563 1912 2183
563 1912 2184
563 1912 2185
563 1912 2186
563 1912 2187
563 1912 2188
563 1912 2189
563 1912 2190
563 1912 2191
563 1912 2192
563 1912 2193
563 1912 2194
563 1912 2195
563 1912 2196
563 1912 2197
563 1912 2198
563 1912 2199
563 1912 2200
563 1912 2201
563 1912 2202
563 1912 2203
563 1912 2204
563 1912 2205
563 1912 2206
563 1912 2207
563 1912 2208
563 1912 2209
563 1912 2210
563 1912 2211
563 1912 2212
563 1912 2213
563 1912 2214
563 1912 2215
563 1912 2216
563 1912 2217
563 1912 2218
563 1912 2219
563 1912 2220
563 1912 2221
563 1912 2222
563 1912 2223
563 1912 2224
563 1912 2225
563 1912 2226
563 1912 2227
563 1912 2228
563 1912 2229
563 1912 2230
563 1912 2231
563 1912 2232
563 1912 2233
563 1912 2234
563 1912 2235
563 1912 2236
563 1912 2237
563 1912 2238
563 1912 2239
563 1912 2240
563 1912 2241
563 1912 2242
563 1912 2243
563 1912 2244
563 1912 2245
563 1912 2246
563 1912 2247
563 1912 2248
563 1912 2249
563 1912 2250
563 1912 2251
563 1912 2252
563 1912 2253
563 1912 2254
563 1912 2255
563 1912 2256
563 1912 2257
563 1912 2258
563 1912 2259
563 1912 2260
563 1912 2261
563 1912 2262
563 1912 2263
563 1912 2264
563 1912 2265
563 1912 2266
563 1912 2267
563 1912 2268
563 1912 2269
563 1912 2270
563 1912 2271
563 1912 2272
563 1912 2273
563 1912 2274
563 1912 2275
563 1912 2276
563 1912 2277
563 1912 2278
563 1912 2279
563 1912 2280
563 1912 2281
563 1912 2282
563 1912 2283
563 1912 2284
563 1912 2285
563 1912 2286
563 1912 2287
563 1912 2288
563 1912 2289
563 1912 2290
563 1912 2291
563 1912 2292
563 1912 2293
563 1912 2294
563 1912 2295
563 1912 2296
563 1912 2297
563 1912 2298
563 1912 2299
563 1912 2300
563 1912 2301
563 1912 2302
563 1912 2303
563 1912 2304
563 1912 2305
563 1912 2306
563 1912 2307
563 1912 2308
563 1912 2309
563 1912 2310
563 1912 2311
563 1912 2312
563 1912 2313
563 1912 2314
563 1912 2315
563 1912 2316
563 1912 2317
563 1912 2318
563 1912 2319
563 1912 2320
563 1912 2321
563 1912 2322
563 1912 2323
563 1912 2324
563 1912 2325
563 1912 2326
563 1912 2327
563 1912 2328
563 1912 2329
563 1912 2330
563 1912 2331
563 1912 2332
563 1912 2333
563 1912 2334
563 1912 2335
563 1912 2336
563 1912 2337
563 1912 2338
563 1912 2339
563 1912 2340
563 1912 2341
563 1912 2342
563 1912 2343
563 1912 2344
563 1912 2345
563 1912 2346
563 1912 2347
563 1912 2348
563 1912 2349
563 1912 2350
563 1912 2351
563 1912 2352
563 1912 2353
563 1912 2354
563 1912 2355
563 1912 2356
563 1912 2357
563 1912 2358
563 1912 2359
563 1912 2360
563 1912 2361
563 1912 2362
563 1912 2363
563 1912 2364
563 1912 2365
563 1912 2366
563 1912 2367
563 1912 2368
563 1912 2369
563 1912 2370
563 1912 2371
563 1912 2372
563 1912 2373
563 1912 2374
563 1912 2375
563 1912 2376
563 1912 2377
563 1912 2378
563 1912 2379
563 1912 2380
563 1912 2381
563 1912 2382
563 1912 2383
563 1912 2384
563 1912 2385
563 1912 2386
563 1912 2387
563 1912 2388
563 1912 2389
563 1912 2390
563 1912 2391
563 1912 2392
563 1912 2393
563 1912 2394
563 1912 2395
563 1912 2396
563 1912 2397
563 1912 2398
563 1912 2399
563 1912 2400
563 1912 2401
563 1912 2402
563 1912 2403
563 1912 2404
563 1912 2405
563 1912 2406
563 1912 2407
563 1912 2408
563 1912 2409
563 1912 2410
563 1912 2411
563 1912 2412
563 1912 2413
563 1912 2414
563 1912 2415
563 1912 2416
563 1912 2417
563 1912 2418
563 1912 2419
563 1912 2420
563 1912 2421
563 1912 2422
563 1912 2423
563 1912 2424
563 1912 2425
563 1912 2426
563 1912 2427
563 1912 2428
563 1912 2429
563 1912 2430
563 1912 2431
563 1912 2432
563 1912 2433
563 1912 2434
563 1912 2435
563 1912 2436
563 1912 2437
563 1912 2438
563 1912 2439
563 1912 2440
563 1912 2441
563 1912 2442
563 1912 2443
563 1912 2444
563 1912 2445
563 1912 2446
563 1912 2447
563 1912 2448
563 1912 2449
563 1912 2450
563 1912 2451
563 1912 2452
563 1912 2453
563 1912 2454
563 1912 2455
563 1912 2456
563 1912 2457
563 1912 2458
563 1912 2459
563 1912 2460
563 1912 2461
563 1912 2462
563 1912 2463
563 1912 2464
563 1912 2465
563 1912 2466
563 1912 2467
563 1912 2468
563 1912 2469
563 1912 2470
563 1912 2471
563 1912 2472
563 1912 2473
563 1912 2474
563 1912 2475
563 1912 2476
563 1912 2477
563 1912 2478
563 1912 2479
563 1912 2480
563 1912 2481
563 1912 2482
563 1912 2483
563 1912 2484
563 1912 2485
563 1912 2486
563 1912 2487
563 1912 2488
563 1912 2489
563 1912 2490
563 1912 2491
563 1912 2492
563 1912 2493
563 1912 2494
563 1912 2495
563 1912 2496
563 1912 2497
563 1912 2498
563 1912 2499
563 1912 2500
563 1912 2501
563 1912 2502
563 1912 2503
563 1912 2504
563 1912 2505
563 1912 2506
563 1912 2507
563 1912 2508
563 1912 2509
563 1912 2510
563 1912 2511
563 1912 2512
563 1912 2513
563 1912 2514
563 1912 2515
563 1912 2516
563 1912 2517
563 1912 2518
563 1912 2519
563 1912 2520
563 1912 2521
563 1912 2522
563 1912 2523
563 1912 2524
563 1912 2525
563 1912 2526
563 1912 2527
563 1912 2528
563 1912 2529
563 1912 2530
563 1912 2531
563 1912 2532
563 1912 2533
563 1912 2534
563 1912 2535
563 1912 2536
563 1912 2537
563 1912 2538
563 1912 2539
563 1912 2540
563 1912 2541
563 1912 2542
563 1912 2543
563 1912 2544
563 1912 2545
563 1912 2546
563 1912 2547
563 1912 2548
563 1912 2549
563 1912 2550
563 1912 2551
563 1912 2552
563 1912 2553
563 1912 2554
563 1912 2555
563 1912 2556
563 1912 2557
563 1912 2558
563 1912 2559
563 1912 2560
563 1912 2561
563 1912 2562
563 1912 2563
563 1912 2564
563 1912 2565
563 1912 2566
563 1912 2567
563 1912 2568
563 1912 2569
563 1912 2570
563 1912 2571
563 1912 2572
563 1912 2573
563 1912 2574
563 1912 2575
563 1912 2576
563 1912 2577
563 1912 2578
563 1912 2579
563 1912 2580
563 1912 2581
563 1912 2582
563 1912 2583
563 1912 2584
563 1912 2585
563 1912 2586
563 1912 2587
563 1912 2588
563 1912 2589
563 1912 2590
563 1912 2591
563 1912 2592
563 1912 2593
563 1912 2594
563 1912 2595
563 1912 2596
563 1912 2597
563 1912 2598
563 1912 2599
563 1912 2600
563 1912 2601
563 1912 2602
563 1912 2603
563 1912 2604
563 1912 2605
563 1912 2606
563 1912 2607
563 1912 2608
563 1912 2609
563 1912 2610
563 1912 2611
563 1912 2612
563 1912 2613
563 1912 2614
563 1912 2615
563 1912 2616
563 1912 2617
563 1912 2618
563 1912 2619
563 1912 2620
563 1912 2621
563 1912 2622
563 1912 2623
563 1912 2624
563 1912 2625
563 1912 2626
563 1912 2627
563 1912 2628
563 1912 2629
563 1912 2630
563 1912 2631
563 1912 2632
563 1912 2633
563 1912 2634
563 1912 2635
563 1912 2636
563 1912 2637
563 1912 2638
563 1912 2639
563 1912 2640
563 1912 2641
563 1912 2642
563 1912 2643
563 1912 2644
563 1912 2645
563 1912 2646
563 1912 2647
563 1912 2648
563 1912 2649
563 1912 2650
563 1912 2651
563 1912 2652
563 1912 2653
563 1912 2654
563 1912 2655
563 1912 2656
563 1912 2657
563 1912 2658
563 1912 2659
563 1912 2660
698 860 1684 2661
698 860 1684 2662
698 860 1684 2663
698 860 1684 2664
698 860 1684 2665
698 860 1684 2666
698 860 1684 2667
698 860 1684 2668
698 860 1684 2669
698 860 1684 2670
698 860 1684 2671
698 860 1684 2672
698 860 1684 2673
698 860 1684 2674
698 860 1684 2675
698 860 1684 2676
606 1674 1758 2677
651 107 1726 2678
698 860 1684 2679
698 860 1684 2680
698 860 1684 2681
698 860 1684 2682
698 860 1684 2683
698 860 1684 2684
698 860 1684 2685
698 860 1684 2686
698 860 1684 2687
698 860 1684 2688
698 860 1684 2689
698 860 1684 2690
698 860 1684 2691
698 860 1684 2692
698 860 1684 2693
698 860 1684 2694
698 860 1684 2695
698 860 1684 2696
698 860 1684 2697
698 860 1684 2698
698 860 1684 2699
698 860 1684 2700
698 860 1684 2701
698 860 1684 2702
698 860 1684 2703
698 860 1684 2704
698 860 1684 2705
698 860 1684 2706
698 860 1684 2707
698 860 1684 2708
698 860 1684 2709
698 860 1684 2710
698 860 1684 2711
698 860 1684 2712
698 860 1684 2713
698 860 1684 2714
698 860 1684 2715
698 860 1684 2716
698 860 1684 2717
698 860 1684 2718
698 860 1684 2719
698 860 1684 2720
698 860 1684 2721
698 860 1684 2722
698 860 1684 2723
698 860 1684 2724
698 860 1684 2725
698 860 1684 2726
698 860 1684 2727
698 860 1684 2728
698 860 1684 2729
698 860 1684 2730
698 860 1684 2731
698 860 1684 2732
698 860 1684 2733
698 860 1684 2734
698 860 1684 2735
698 860 1684 2736
698 860 1684 2737
698 860 1684 2738
698 860 1684 2739
698 860 1684 2740
698 860 1684 2741
698 860 1684 2742
698 860 1684 2743
651 107 1726 2744
698 860 1684 2745
698 860 1684 2746
698 860 1684 2747
698 860 1684 2748
698 860 1684 2749
698 860 1684 2750
698 860 1684 2751
698 860 1684 2752
698 860 1684 2753
698 860 1684 2754
698 860 1684 2755
698 860 1684 2756
698 860 1684 2757
698 860 1684 2758
698 860 1684 2759
698 860 1684 2760
698 860 1684 2761
698 860 1684 2762
698 860 1684 2763
606 1674 1758 2764
698 860 1684 2765
698 860 1684 2766
698 860 1684 2767
698 860 1684 2768
698 860 1684 2769
698 860 1684 2770
698 860 1684 2771
698 860 1684 2772
698 860 1684 2773
698 860 1684 2774
698 860 1684 2775
698 860 1684 2776
698 860 1684 2777
698 860 1684 2778
698 860 1684 2779
698 860 1684 2780
698 860 1684 2781
698 860 1684 2782
698 860 1684 2783
698 860 1684 2784
698 860 1684 2785
698 860 1684 2786
698 860 1684 2787
698 860 1684 2788
698 860 1684 2789
698 860 1684 2790
698 860 1684 2791
698 860 1684 2792
698 860 1684 2793
698 860 1684 2794
698 860 1684 2795
698 860 1684 2796
698 860 1684 2797
698 860 1684 2798
698 860 1684 2799
698 860 1684 2800
698 860 1684 2801
698 860 1684 2802
698 860 1684 2803
698 860 1684 2804
698 860 1684 2805
698 860 1684 2806
698 860 1684 2807
698 860 1684 2808
698 860 1684 2809
698 860 1684 2810
698 860 1684 2811
698 860 1684 2812
606 1674 1758 2813
698 860 1684 2814
698 860 1684 2815
698 860 1684 2816
698 860 1684 2817
698 860 1684 2818
698 860 1684 2819
698 860 1684 2820
698 860 1684 2821
698 860 1684 2822
698 860 1684 2823
698 860 1684 2824
606 1674 1758 2825
698 860 1684 2826
698 860 1684 2827
698 860 1684 2828
698 860 1684 2829
698 860 1684 2830
698 860 1684 2831
698 860 1684 2832
698 860 1684 2833
698 860 1684 2834
698 860 1684 2835
698 860 1684 2836
698 860 1684 2837
698 860 1684 2838
698 860 1684 2839
698 860 1684 2840
698 860 1684 2841
698 860 1684 2842
698 860 1684 2843
698 860 1684 2844
698 860 1684 2845
698 860 1684 2846
698 860 1684 2847
698 860 1684 2848
698 860 1684 2849
698 860 1684 2850
698 860 1684 2851
698 860 1684 2852
698 860 1684 2853
698 860 1684 2854
698 860 1684 2855
698 860 1684 2856
698 860 1684 2857
698 860 1684 2858
698 860 1684 2859
698 860 1684 2860
698 860 1684 2861
698 860 1684 2862
698 860 1684 2863
698 860 1684 2864
698 860 1684 2865
698 860 1684 2866
698 860 1684 2867
698 860 1684 2868
698 860 1684 2869
698 860 1684 2870
698 860 1684 2871
698 860 1684 2872
698 860 1684 2873
698 860 1684 2874
698 860 1684 2875
698 860 1684 2876
698 860 1684 2877
698 860 1684 2878
698 860 1684 2879
698 860 1684 2880
698 860 1684 2881
698 860 1684 2882
698 860 1684 2883
698 860 1684 2884
698 860 1684 2885
698 860 1684 2886
698 860 1684 2887
698 860 1684 2888
698 860 1684 2889
698 860 1684 2890
698 860 1684 2891
698 860 1684 2892
698 860 1684 2893
698 860 1684 2894
698 860 1684 2895
698 860 1684 2896
698 860 1684 2897
698 860 1684 2898
698 860 1684 2899
698 860 1684 2900
698 860 1684 2901
698 860 1684 2902
698 860 1684 2903
698 860 1684 2904
698 860 1684 2905
698 860 1684 2906
698 860 1684 2907
698 860 1684 2908
698 860 1684 2909
698 860 1684 2910
698 860 1684 2911
698 860 1684 2912
698 860 1684 2913
698 860 1684 2914
698 860 1684 2915
698 860 1684 2916
698 860 1684 2917
698 860 1684 2918
698 860 1684 2919
698 860 1684 2920
698 860 1684 2921
698 860 1684 2922
698 860 1684 2923
698 860 1684 2924
698 860 1684 2925
698 860 1684 2926
698 860 1684 2927
698 860 1684 2928
698 860 1684 2929
698 860 1684 2930
698 860 1684 2931
698 860 1684 2932
698 860 1684 2933
698 860 1684 2934
698 860 1684 2935
698 860 1684 2936
698 860 1684 2937
698 860 1684 2938
698 860 1684 2939
698 860 1684 2940
698 860 1684 2941
698 860 1684 2942
698 860 1684 2943
698 860 1684 2944
698 860 1684 2945
698 860 1684 2946
698 860 1684 2947
698 860 1684 2948
698 860 1684 2949
698 860 1684 2950
698 860 1684 2951
698 860 1684 2952
698 860 1684 2953
698 860 1684 2954
698 860 1684 2955
698 860 1684 2956
698 860 1684 2957
698 860 1684 2958
698 860 1684 2959
698 860 1684 2960
698 860 1684 2961
698 860 1684 2962
698 860 1684 2963
698 860 1684 2964
698 860 1684 2965
698 860 1684 2966
698 860 1684 2967
698 860 1684 2968
698 860 1684 2969
698 860 1684 2970
698 860 1684 2971
698 860 1684 2972
698 860 1684 2973
698 860 1684 2974
698 860 1684 2975
698 860 1684 2976
698 860 1684 2977
698 860 1684 2978
606 1674 1758 2979
698 860 1684 2980
698 860 1684 2981
698 860 1684 2982
698 860 1684 2983
698 860 1684 2984
698 860 1684 2985
698 860 1684 2986
698 860 1684 2987
698 860 1684 2988
698 860 1684 2989
698 860 1684 2990
698 860 1684 2991
698 860 1684 2992
698 860 1684 2993
698 860 1684 2994
698 860 1684 2995
698 860 1684 2996
698 860 1684 2997
698 860 1684 2998
698 860 1684 2999
698 860 1684 3000
698 860 1684 3001
698 860 1684 3002
698 860 1684 3003
698 860 1684 3004
698 860 1684 3005
698 860 1684 3006
698 860 1684 3007
698 860 1684 3008
698 860 1684 3009
698 860 1684 3010
698 860 1684 3011
698 860 1684 3012
698 860 1684 3013
698 860 1684 3014
698 860 1684 3015
698 860 1684 3016
698 860 1684 3017
698 860 1684 3018
698 860 1684 3019
698 860 1684 3020
698 860 1684 3021
698 860 1684 3022
698 860 1684 3023
698 860 1684 3024
698 860 1684 3025
698 860 1684 3026
698 860 1684 3027
698 860 1684 3028
698 860 1684 3029
698 860 1684 3030
698 860 1684 3031
698 860 1684 3032
698 860 1684 3033
698 860 1684 3034
698 860 1684 3035
698 860 1684 3036
698 860 1684 3037
698 860 1684 3038
698 860 1684 3039
698 860 1684 3040
698 860 1684 3041
698 860 1684 3042
698 860 1684 3043
698 860 1684 3044
698 860 1684 3045
698 860 1684 3046
698 860 1684 3047
698 860 1684 3048
698 860 1684 3049
698 860 1684 3050
698 860 1684 3051
698 860 1684 3052
698 860 1684 3053
698 860 1684 3054
698 860 1684 3055
698 860 1684 3056
651 107 1726 3057
698 860 1684 3058
698 860 1684 3059
698 860 1684 3060
698 860 1684 3061
698 860 1684 3062
698 860 1684 3063
698 860 1684 3064
698 860 1684 3065
698 860 1684 3066
698 860 1684 3067
698 860 1684 3068
698 860 1684 3069
698 860 1684 3070
698 860 1684 3071
698 860 1684 3072
698 860 1684 3073
698 860 1684 3074
698 860 1684 3075
698 860 1684 3076
698 860 1684 3077
698 860 1684 3078
698 860 1684 3079
698 860 1684 3080
698 860 1684 3081
698 860 1684 3082
698 860 1684 3083
698 860 1684 3084
698 860 1684 3085
698 860 1684 3086
698 860 1684 3087
698 860 1684 3088
698 860 1684 3089
698 860 1684 3090
698 860 1684 3091
698 860 1684 3092
698 860 1684 3093
698 860 1684 3094
698 860 1684 3095
698 860 1684 3096
698 860 1684 3097
698 860 1684 3098
698 860 1684 3099
698 860 1684 3100
698 860 1684 3101
698 860 1684 3102
698 860 1684 3103
698 860 1684 3104
698 860 1684 3105
698 860 1684 3106
698 860 1684 3107
698 860 1684 3108
698 860 1684 3109
698 860 1684 3110
698 860 1684 3111
698 860 1684 3112
698 860 1684 3113
698 860 1684 3114
698 860 1684 3115
698 860 1684 3116
698 860 1684 3117
698 860 1684 3118
698 860 1684 3119
698 860 1684 3120
698 860 1684 3121
698 860 1684 3122
698 860 1684 3123
698 860 1684 3124
698 860 1684 3125
698 860 1684 3126
698 860 1684 3127
698 860 1684 3128
698 860 1684 3129
698 860 1684 3130
698 860 1684 3131
698 860 1684 3132
698 860 1684 3133
698 860 1684 3134
698 860 1684 3135
698 860 1684 3136
698 860 1684 3137
698 860 1684 3138
698 860 1684 3139
698 860 1684 3140
698 860 1684 3141
698 860 1684 3142
698 860 1684 3143
698 860 1684 3144
698 860 1684 3145
698 860 1684 3146
698 860 1684 3147
698 860 1684 3148
698 860 1684 3149
698 860 1684 3150
698 860 1684 3151
698 860 1684 3152
698 860 1684 3153
698 860 1684 3154
698 860 1684 3155
698 860 1684 3156
698 860 1684 3157
698 860 1684 3158
698 860 1684 3159
698 860 1684 3160
698 860 1684 3161
698 860 1684 3162
698 860 1684 3163
651 107 1726 3164
698 860 1684 3165
698 860 1684 3166
698 860 1684 3167
698 860 1684 3168
698 860 1684 3169
698 860 1684 3170
698 860 1684 3171
698 860 1684 3172
698 860 1684 3173
698 860 1684 3174
698 860 1684 3175
698 860 1684 3176
698 860 1684 3177
698 860 1684 3178
651 107 1726 3179
698 860 1684 3180
698 860 1684 3181
698 860 1684 3182
698 860 1684 3183
698 860 1684 3184
698 860 1684 3185
698 860 1684 3186
698 860 1684 3187
698 860 1684 3188
698 860 1684 3189
698 860 1684 3190
698 860 1684 3191
698 860 1684 3192
698 860 1684 3193
698 860 1684 3194
698 860 1684 3195
698 860 1684 3196
698 860 1684 3197
698 860 1684 3198
698 860 1684 3199
698 860 1684 3200
698 860 1684 3201
698 860 1684 3202
698 860 1684 3203
698 860 1684 3204
606 1674 1758 3205
698 860 1684 3206
698 860 1684 3207
698 860 1684 3208
698 860 1684 3209
698 860 1684 3210
698 860 1684 3211
698 860 1684 3212
698 860 1684 3213
698 860 1684 3214
698 860 1684 3215
698 860 1684 3216
698 860 1684 3217
698 860 1684 3218
698 860 1684 3219
698 860 1684 3220
698 860 1684 3221
651 107 1726 3222
698 860 1684 3223
698 860 1684 3224
698 860 1684 3225
698 860 1684 3226
698 860 1684 3227
698 860 1684 3228
698 860 1684 3229
698 860 1684 3230
698 860 1684 3231
698 860 1684 3232
698 860 1684 3233
698 860 1684 3234
698 860 1684 3235
698 860 1684 3236
698 860 1684 3237
698 860 1684 3238
698 860 1684 3239
698 860 1684 3240
698 860 1684 3241
698 860 1684 3242
698 860 1684 3243
698 860 1684 3244
698 860 1684 3245
698 860 1684 3246
698 860 1684 3247
698 860 1684 3248
698 860 1684 3249
698 860 1684 3250
698 860 1684 3251
698 860 1684 3252
698 860 1684 3253
698 860 1684 3254
698 860 1684 3255
698 860 1684 3256
698 860 1684 3257
698 860 1684 3258
698 860 1684 3259
698 860 1684 3260
698 860 1684 3261
698 860 1684 3262
651 107 1726 3263
698 860 1684 3264
698 860 1684 3265
698 860 1684 3266
698 860 1684 3267
698 860 1684 3268
698 860 1684 3269
698 860 1684 3270
698 860 1684 3271
698 860 1684 3272
698 860 1684 3273
698 860 1684 3274
698 860 1684 3275
698 860 1684 3276
698 860 1684 3277
698 860 1684 3278
698 860 1684 3279
698 860 1684 3280
698 860 1684 3281
698 860 1684 3282
698 860 1684 3283
698 860 1684 3284
698 860 1684 3285
698 860 1684 3286
698 860 1684 3287
698 860 1684 3288
698 860 1684 3289
698 860 1684 3290
698 860 1684 3291
698 860 1684 3292
698 860 1684 3293
698 860 1684 3294
698 860 1684 3295
698 860 1684 3296
698 860 1684 3297
698 860 1684 3298
698 860 1684 3299
698 860 1684 3300
698 860 1684 3301
698 860 1684 3302
698 860 1684 3303
698 860 1684 3304
698 860 1684 3305
698 860 1684 3306
698 860 1684 3307
698 860 1684 3308
698 860 1684 3309
698 860 1684 3310
698 860 1684 3311
698 860 1684 3312
698 860 1684 3313
698 860 1684 3314
698 860 1684 3315
698 860 1684 3316
698 860 1684 3317
698 860 1684 3318
698 860 1684 3319
698 860 1684 3320
698 860 1684 3321
698 860 1684 3322
698 860 1684 3323
698 860 1684 3324
698 860 1684 3325
698 860 1684 3326
698 860 1684 3327
698 860 1684 3328
698 860 1684 3329
698 860 1684 3330
698 860 1684 3331
698 860 1684 3332
698 860 1684 3333
698 860 1684 3334
698 860 1684 3335
698 860 1684 3336
698 860 1684 3337
698 860 1684 3338
698 860 1684 3339
698 860 1684 3340
698 860 1684 3341
698 860 1684 3342
698 860 1684 3343
698 860 1684 3344
698 860 1684 3345
698 860 1684 3346
698 860 1684 3347
698 860 1684 3348
698 860 1684 3349
698 860 1684 3350
698 860 1684 3351
698 860 1684 3352
698 860 1684 3353
698 860 1684 3354
698 860 1684 3355
698 860 1684 3356
698 860 1684 3357
698 860 1684 3358
698 860 1684 3359
698 860 1684 3360
698 860 1684 3361
698 860 1684 3362
698 860 1684 3363
698 860 1684 3364
698 860 1684 3365
698 860 1684 3366
698 860 1684 3367
698 860 1684 3368
698 860 1684 3369
698 860 1684 3370
698 860 1684 3371
698 860 1684 3372
698 860 1684 3373
698 860 1684 3374
698 860 1684 3375
698 860 1684 3376
698 860 1684 3377
698 860 1684 3378
698 860 1684 3379
698 860 1684 3380
698 860 1684 3381
698 860 1684 3382
698 860 1684 3383
698 860 1684 3384
651 107 1726 3385
698 860 1684 3386
698 860 1684 3387
698 860 1684 3388
698 860 1684 3389
698 860 1684 3390
698 860 1684 3391
698 860 1684 3392
698 860 1684 3393
698 860 1684 3394
698 860 1684 3395
698 860 1684 3396
698 860 1684 3397
698 860 1684 3398
698 860 1684 3399
698 860 1684 3400
698 860 1684 3401
698 860 1684 3402
698 860 1684 3403
698 860 1684 3404
698 860 1684 3405
698 860 1684 3406
698 860 1684 3407
698 860 1684 3408
698 860 1684 3409
698 860 1684 3410
698 860 1684 3411
698 860 1684 3412
698 860 1684 3413
698 860 1684 3414
698 860 1684 3415
698 860 1684 3416
698 860 1684 3417
698 860 1684 3418
698 860 1684 3419
698 860 1684 3420
698 860 1684 3421
698 860 1684 3422
698 860 1684 3423
698 860 1684 3424
698 860 1684 3425
698 860 1684 3426
698 860 1684 3427
698 860 1684 3428
698 860 1684 3429
698 860 1684 3430
698 860 1684 3431
606 1674 1758 3432
698 860 1684 3433
698 860 1684 3434
698 860 1684 3435
698 860 1684 3436
698 3437
698 3437 3438
698 3437 3439
698 3437 3440
698 3437 3441
698 3437 3442
698 3437 3443
567 3861 3444
698 3437 3445
698 3437 3446
698 3437 3447
698 3437 3448
698 3437 3449
698 3437 3450
698 3437 3451
698 3437 3452
698 3437 3453
567 3454
698 3437 3455
698 3437 3456
698 3437 3457
698 3437 3458
698 3437 3459
698 3437 3460
698 3437 3461
698 3437 3462
567 3861 3463
698 3437 3464
698 3437 3465
698 3437 3466
698 3437 3467
698 3437 3468
698 3437 3469
698 3437 3470
698 3437 3471
698 3437 3472
698 3437 3473
698 3437 3474
698 3437 3475
698 3437 3476
698 3437 3477
698 3437 3478
698 3437 3479
698 3437 3480
698 3437 3481
698 3437 3482
698 3437 3483
698 3437 3484
698 3437 3485
698 3437 3486
567 3487
698 3437 3488
698 3437 3489
698 3437 3490
698 3437 3491
698 3437 3492
698 3437 3493
698 3437 3494
698 3437 3495
567 3861 3496
698 3437 3497
698 3437 3498
698 3437 3499
698 3437 3500
698 3437 3501
698 3437 3502
698 3437 3503
567 3723 3504
698 3437 3505
698 3437 3506
698 3437 3507
698 3437 3508
698 3437 3509
698 3437 3510
698 3437 3511
698 3437 3512
698 3437 3513
698 3437 3514
698 3437 3515
698 3437 3516
698 3437 3517
698 3437 3518
698 3437 3519
698 3437 3520
698 3437 3521
698 3437 3522
698 3437 3523
698 3437 3524
698 3437 3525
698 3437 3526
698 3437 3527
698 3437 3528
698 3437 3529
567 3723 3530
698 3437 3531
698 3437 3532
698 3437 3533
698 3437 3534
698 3437 3535
698 3437 3536
698 3437 3537
698 3437 3538
698 3437 3539
698 3437 3540
698 3437 3541
698 3437 3542
698 3437 3543
698 3437 3544
698 3437 3545
698 3437 3546
567 3454 3547
698 3437 3548
698 3437 3549
698 3437 3550
567 3961 3551
698 3437 3552
698 3437 3553
698 3437 3554
698 3437 3555
698 3437 3556
698 3437 3557
698 3437 3558
698 3437 3559
698 3437 3560
698 3437 3561
698 3437 3562
698 3437 3563
698 3437 3564
698 3437 3565
567 3961 3566
698 3437 3567
698 3437 3568
698 3437 3569
698 3437 3570
698 3437 3571
698 3437 3572
698 3437 3573
698 3437 3574
698 3437 3575
698 3437 3576
698 3437 3577
698 3437 3578
698 3437 3579
698 3437 3580
698 3437 3581
698 3437 3582
698 3437 3583
698 3437 3584
698 3437 3585
567 3454 3586
698 3437 3587
698 3437 3588
698 3437 3589
698 3437 3590
698 3437 3591
698 3437 3592
698 3437 3593
698 3437 3594
698 3437 3595
698 3437 3596
698 3437 3597
698 3437 3598
698 3437 3599
567 3861 3600
698 3437 3601
698 3437 3602
698 3437 3603
567 3861 3604
567 3454 3605
698 3437 3606
698 3437 3607
698 3437 3608
698 3437 3609
698 3437 3610
698 3437 3611
698 3437 3612
698 3437 3613
698 3437 3614
698 3437 3615
698 3437 3616
698 3437 3617
698 3437 3618
698 3437 3619
698 3437 3620
567 3861 3621
698 3437 3622
698 3437 3623
698 3437 3624
698 3437 3625
698 3437 3626
698 3437 3627
698 3437 3628
698 3437 3629
698 3437 3630
698 3437 3631
698 3437 3632
698 3437 3633
698 3437 3634
698 3437 3635
698 3437 3636
698 3437 3637
698 3437 3638
698 3437 3639
698 3437 3640
698 3437 3641
567 3454 3642
698 3437 3643
698 3437 3644
698 3437 3645
698 3437 3646
698 3437 3647
698 3437 3648
698 3437 3649
698 3437 3650
698 3437 3651
698 3437 3652
698 3437 3653
698 3437 3654
698 3437 3655
698 3437 3656
698 3437 3657
698 3437 3658
698 3437 3659
698 3437 3660
698 3437 3661
698 3437 3662
698 3437 3663
698 3437 3664
698 3437 3665
698 3437 3666
698 3437 3667
698 3437 3668
698 3437 3669
698 3437 3670
698 3437 3671
698 3437 3672
567 3454 3673
698 3437 3674
698 3437 3675
698 3437 3676
567 3454 3677
698 3437 3678
698 3437 3679
698 3437 3680
698 3437 3681
698 3437 3682
698 3437 3683
698 3437 3684
698 3437 3685
698 3437 3686
698 3437 3687
698 3437 3688
698 3437 3689
698 3437 3690
698 3437 3691
698 3437 3692
567 3454 3693
698 3437 3694
698 3437 3695
698 3437 3696
698 3437 3697
698 3437 3698
698 3437 3699
698 3437 3700
698 3437 3701
698 3437 3702
698 3437 3703
698 3437 3704
698 3437 3705
698 3437 3706
698 3437 3707
698 3437 3708
698 3437 3709
698 3437 3710
698 3437 3711
698 3437 3712
698 3437 3713
698 3437 3714
698 3437 3715
698 3437 3716
698 3437 3717
698 3437 3718
698 3437 3719
698 3437 3720
698 3437 3721
698 3437 3722
567 3723
698 3437 3724
698 3437 3725
567 3861 3726
698 3437 3727
698 3437 3728
698 3437 3729
698 3437 3730
698 3437 3731
698 3437 3732
567 3861 3733
698 3437 3734
698 3437 3735
698 3437 3736
698 3437 3737
698 3437 3738
698 3437 3739
698 3437 3740
698 3437 3741
567 3861 3742
698 3437 3743
698 3437 3744
698 3437 3745
698 3437 3746
698 3437 3747
698 3437 3748
698 3437 3749
698 3437 3750
698 3437 3751
698 3437 3752
698 3437 3753
698 3437 3754
698 3437 3755
698 3437 3756
698 3437 3757
698 3437 3758
698 3437 3759
698 3437 3760
698 3437 3761
698 3437 3762
698 3437 3763
698 3437 3764
698 3437 3765
698 3437 3766
698 3437 3767
698 3437 3768
698 3437 3769
698 3437 3770
698 3437 3771
698 3437 3772
698 3437 3773
698 3437 3774
567 3454 3775
698 3437 3776
698 3437 3777
698 3437 3778
567 3454 3779
698 3437 3780
698 3437 3781
698 3437 3782
698 3437 3783
698 3437 3784
698 3437 3785
698 3437 3786
698 3437 3787
698 3437 3788
698 3437 3789
698 3437 3790
698 3437 3791
698 3437 3792
698 3437 3793
698 3437 3794
698 3437 3795
698 3437 3796
698 3437 3797
698 3437 3798
698 3437 3799
698 3437 3800
698 3437 3801
698 3437 3802
698 3437 3803
698 3437 3804
698 3437 3805
698 3437 3806
698 3437 3807
698 3437 3808
698 3437 3809
698 3437 3810
698 3437 3811
698 3437 3812
698 3437 3813
698 3437 3814
698 3437 3815
698 3437 3816
698 3437 3817
698 3437 3818
698 3437 3819
698 3437 3820
698 3437 3821
698 3437 3822
698 3437 3823
698 3437 3824
698 3437 3825
698 3437 3826
698 3437 3827
698 3437 3828
698 3437 3829
698 3437 3830
698 3437 3831
698 3437 3832
698 3437 3833
698 3437 3834
698 3437 3835
698 3437 3836
698 3437 3837
698 3437 3838
698 3437 3839
698 3437 3840
698 3437 3841
698 3437 3842
698 3437 3843
698 3437 3844
698 3437 3845
698 3437 3846
698 3437 3847
698 3437 3848
567 3861 3849
698 3437 3850
698 3437 3851
698 3437 3852
698 3437 3853
698 3437 3854
698 3437 3855
698 3437 3856
698 3437 3857
698 3437 3858
567 3861 3859
698 3437 3860
567 3861
698 3437 3862
698 3437 3863
698 3437 3864
698 3437 3865
698 3437 3866
698 3437 3867
698 3437 3868
698 3437 3869
698 3437 3870
698 3437 3871
698 3437 3872
698 3437 3873
698 3437 3874
698 3437 3875
698 3437 3876
698 3437 3877
698 3437 3878
698 3437 3879
567 3454 3880
698 3437 3881
698 3437 3882
698 3437 3883
698 3437 3884
698 3437 3885
698 3437 3886
698 3437 3887
698 3437 3888
698 3437 3889
698 3437 3890
698 3437 3891
698 3437 3892
698 3437 3893
698 3437 3894
698 3437 3895
698 3437 3896
698 3437 3897
698 3437 3898
698 3437 3899
698 3437 3900
698 3437 3901
698 3437 3902
698 3437 3903
567 3861 3904
698 3437 3905
698 3437 3906
698 3437 3907
698 3437 3908
698 3437 3909
698 3437 3910
698 3437 3911
698 3437 3912
698 3437 3913
698 3437 3914
698 3437 3915
698 3437 3916
698 3437 3917
698 3437 3918
698 3437 3919
698 3437 3920
698 3437 3921
698 3437 3922
698 3437 3923
698 3437 3924
567 3961 3925
698 3437 3926
698 3437 3927
698 3437 3928
698 3437 3929
698 3437 3930
698 3437 3931
698 3437 3932
698 3437 3933
698 3437 3934
698 3437 3935
698 3437 3936
698 3437 3937
698 3437 3938
698 3437 3939
698 3437 3940
698 3437 3941
698 3437 3942
698 3437 3943
698 3437 3944
698 3437 3945
698 3437 3946
698 3437 3947
698 3437 3948
698 3437 3949
698 3437 3950
698 3437 3951
698 3437 3952
698 3437 3953
567 3861 3954
698 3437 3955
698 3437 3956
698 3437 3957
698 3437 3958
698 3437 3959
698 3437 3960
567 3961
698 3437 3962
698 3437 3963
698 3437 3964
698 3437 3965
698 3437 3966
698 3437 3967
698 3437 3968
698 3437 3969
698 3437 3970
698 3437 3971
698 3437 3972
698 3437 3973
698 3437 3974
698 3437 3975
698 3437 3976
698 3437 3977
698 3437 3978
698 3437 3979
594 3980
594 3980 3981
594 3980 3982
594 3980 3983
594 3980 3984
594 3980 3985
594 3980 3986
594 3980 3987
594 3980 3988
594 3989
594 3980 3990
594 4031 3991
594 3980 3992
594 3980 3993
594 3980 3994
594 3980 3995
594 3980 3996
594 3980 3997
594 3980 3998
594 3980 3999
594 3980 4000
594 3980 4001
594 4031 4002
594 3980 4003
594 4031 4004
594 3980 4005
594 3980 4006
594 3980 4007
594 3980 4008
594 3980 4009
594 3980 4010
594 4011
594 3980 4012
594 4031 4013
594 3980 4014
594 3980 4015
594 3980 4016
594 3980 4017
594 3980 4018
594 3980 4019
594 4031 4020
594 3980 4021
594 3980 4022
594 4031 4023
594 3980 4024
594 3980 4025
594 3980 4026
594 4031 4027
594 3980 4028
594 3980 4029
594 3980 4030
594 4031
594 3980 4032
594 3980 4033
594 3980 4034
594 3980 4035
594 3980 4036
594 3980 4037
594 4031 4038

