Iteration: 1
3290 171 0
3290 171 119 1
3290 171 0 2
3300 4040 122 3
3290 171 0 4
3300 4040 122 5
3290 171 0 6
3290 171 0 7
3290 171 0 8
3596 4039 224 9
3290 171 0 10
3290 171 0 11
3290 171 0 12
3558 4044 199 13
3290 171 0 14
3290 171 0 15
3290 171 0 16
3290 171 0 17
3290 171 0 18
3290 171 0 19
3290 171 0 20
3300 4040 122 21
3290 171 0 22
3290 171 0 23
3290 171 0 24
3596 4039 224 25
3596 4039 224 26
3290 171 119 27
3290 171 0 28
3290 171 0 29
3596 4039 224 30
3300 4040 122 31
3290 171 0 32
3290 171 0 33
3487 567 428 34
3290 171 0 35
3290 171 0 36
3290 171 0 37
3290 171 0 38
3290 171 119 39
3596 4039 224 40
3290 171 0 41
3290 171 0 42
3290 171 0 43
3290 171 0 44
3300 4040 122 45
3290 171 0 46
3290 171 0 47
3558 4044 199 48
3290 171 0 49
3290 171 119 50
3290 171 0 51
3290 171 0 52
3290 171 0 53
3290 171 119 54
3300 4040 122 55
3339 4041 56
3290 171 0 57
3290 58
3339 4041 56 59
3339 4041 56 60
3290 171 0 61
3596 4039 224 62
3339 4041 56 63
3290 171 64
3290 171 0 65
3300 4040 122 66
3596 4039 224 67
3290 171 0 68
3290 171 0 69
3290 171 0 70
3290 171 0 71
3558 4044 199 72
3290 171 0 73
3290 171 0 74
3339 4041 56 75
3290 171 0 76
3290 171 0 77
3290 171 0 78
3290 171 119 79
3290 171 0 80
3290 58 269 81
3558 4044 199 82
3290 171 0 83
3596 4039 224 84
3290 171 0 85
3290 171 0 86
3290 171 0 87
3339 4041 56 88
3290 171 0 89
3290 171 0 90
3290 171 0 91
3290 171 0 92
3290 171 0 93
3290 171 0 94
3290 171 0 95
3596 4039 224 96
3290 171 0 97
3558 4044 199 98
3290 171 0 99
3290 58 269 100
3290 171 0 101
3290 171 0 102
3339 4041 56 103
3300 4040 122 104
3290 171 119 105
3290 171 0 106
3432 1758 107
3290 171 0 108
3558 4044 109
3290 171 0 110
3290 171 0 111
3290 171 0 112
3558 4044 199 113
3290 171 0 114
3290 171 0 115
3290 171 0 116
3290 171 0 117
3558 4044 199 118
3290 171 119
3290 171 0 120
3290 171 0 121
3300 4040 122
3300 4040 122 123
3290 171 0 124
3290 171 119 125
3290 171 0 126
3290 171 0 127
3558 4044 199 128
3290 171 0 129
3290 171 0 130
3290 171 0 131
3290 171 119 132
3596 4039 224 133
3558 4044 199 134
3290 171 0 135
3596 4039 2463 136
3290 171 0 137
3290 171 0 138
3290 171 0 139
3290 171 0 140
3596 4039 224 141
3300 4040 122 142
3290 171 0 143
3290 171 0 144
3290 171 0 145
3290 171 119 146
3290 171 0 147
3596 4039 224 148
3290 171 0 149
3290 171 150
3290 171 0 151
3290 171 0 152
3290 171 0 153
3290 171 0 154
3290 171 0 155
3300 4040 122 156
3290 171 0 157
3558 4044 109 158
3290 171 0 159
3290 171 0 160
3558 4044 199 161
3290 171 0 162
3290 171 150 163
3290 171 0 164
3290 171 0 165
3290 171 0 166
3290 171 0 167
3290 171 0 168
3300 4040 122 169
3300 4040 122 170
3290 171
3558 4044 199 172
3487 567 414 173
3290 171 0 174
3290 171 0 175
3300 4040 122 176
3290 171 0 177
3290 171 0 178
3290 171 0 179
3290 171 0 180
3290 171 0 181
3290 171 0 182
3290 171 0 183
3290 171 0 184
3290 171 119 185
3558 4044 199 186
3290 171 0 187
3596 4039 224 188
3290 171 189
3290 171 0 190
3290 171 0 191
3290 171 0 192
3290 171 0 193
3290 171 0 194
3290 171 0 195
3290 171 0 196
3290 171 0 197
3487 567 348 198
3558 4044 199
3596 4039 224 200
3290 171 0 201
3290 171 0 202
3558 4044 199 203
3290 171 0 204
3290 171 0 205
3290 171 0 206
3339 4041 56 207
3290 171 119 208
3290 171 0 209
3290 171 0 210
3558 4044 199 211
3558 4044 199 212
3596 4039 224 213
3290 171 0 214
3290 171 0 215
3290 171 0 216
3290 171 217
3290 171 0 218
3290 171 0 219
3290 171 0 220
3339 4041 56 221
3558 4044 199 222
3558 4044 199 223
3596 4039 224
3290 171 0 225
3290 171 0 226
3290 171 0 227
3290 171 0 228
3290 171 119 229
3290 171 0 230
3558 4044 199 231
3596 4039 224 232
3290 171 0 233
3290 171 0 234
3300 4040 122 235
3596 4039 224 236
3290 171 0 237
3558 4044 199 238
3558 4044 199 239
3290 171 0 240
3290 171 0 241
3290 171 0 242
3290 171 0 243
3290 171 0 244
3290 171 0 245
3290 171 0 246
3290 171 0 247
3300 4040 122 248
3290 171 0 249
3290 171 0 250
3300 4040 122 251
3558 4044 199 252
3290 171 0 253
3290 171 0 254
3290 171 0 255
3290 171 0 256
3290 171 0 257
3290 171 0 258
3290 171 0 259
3290 171 0 260
3596 4039 224 261
3290 171 0 262
3290 171 0 263
3290 171 0 264
3558 4044 199 265
3290 171 0 266
3290 171 0 267
3290 171 0 268
3290 58 269
3290 171 0 270
3596 4039 224 271
3300 4040 122 272
3290 171 0 273
3300 4040 122 274
3290 171 0 275
3596 4039 224 276
3300 4040 122 277
3290 171 0 278
3290 171 0 279
3300 4040 122 280
3300 4040 122 281
3290 171 0 282
3290 171 0 283
3300 4040 122 284
3300 4040 122 285
3290 171 0 286
3290 171 0 287
3558 4044 199 288
3290 171 0 289
3339 4041 56 290
3596 4039 224 291
3290 171 0 292
3290 171 0 293
3290 171 0 294
3558 4044 109 295
3290 171 0 296
3300 4040 122 297
3558 4044 199 298
3290 171 0 299
3290 171 0 300
3290 171 0 301
3290 171 0 302
3300 4040 122 303
3596 4039 224 304
3290 171 0 305
3290 171 0 306
3290 171 0 307
3290 171 0 308
3290 171 0 309
3290 171 0 310
3290 171 0 311
3290 171 0 312
3558 4044 199 313
3558 4044 199 314
3596 4039 224 315
3290 171 0 316
3290 171 0 317
3290 171 119 318
3290 171 0 319
3290 171 0 320
3290 171 0 321
3596 4039 224 322
3300 4040 122 323
3596 4039 224 324
3558 4044 199 325
3290 171 0 326
3290 171 0 327
3290 171 0 328
3290 58 269 329
3290 171 0 330
3290 171 119 331
3596 4039 224 332
3290 171 0 333
3339 4041 56 334
3290 171 0 335
3290 171 0 336
3290 171 0 337
3290 171 0 338
3290 171 119 339
3290 171 0 340
3339 4041 56 341
3558 4044 199 342
3290 171 0 343
3300 4040 122 344
3300 4040 122 345
3290 171 0 346
3290 171 0 347
3487 567 348
3487 567 348 349
3487 567 563 350
3487 567 348 351
3487 567 542 352
3487 567 353
3300 4040 510 354
3487 567 553 355
3487 567 472 356
3487 567 563 357
3487 567 348 358
3487 567 475 359
3487 567 360
3487 567 475 361
3487 567 542 362
3558 4044 1545 363
3487 567 348 364
3487 567 520 365
3558 4044 366
3487 567 566 367
3487 567 559 368
3487 567 563 369
3487 567 370
3487 567 542 371
3487 567 460 372
3487 567 373
3487 567 374
3558 4044 525 375
3487 567 376
3487 567 348 377
3487 567 651 378
3487 567 348 379
3487 567 348 380
3487 567 419 381
3487 567 348 382
3487 567 387 383
3487 567 348 384
3487 567 524 385
3487 567 348 386
3487 567 387
3487 567 388
3558 4044 1545 389
3487 567 475 390
3487 567 391
3487 567 392
3487 567 348 393
3487 567 683 394
3487 567 395
3300 4040 510 396
3487 567 563 397
3487 567 561 398
3487 567 348 399
3487 567 400
3487 567 348 401
3487 567 402
3487 567 553 403
3487 567 566 404
3487 567 563 405
3487 567 387 406
3487 567 563 407
3300 4040 408
3487 567 561 409
3487 567 475 410
3487 567 348 411
3487 567 412
3487 567 542 413
3487 567 414
3487 567 563 415
3487 567 416
3487 567 417
3487 567 553 418
3487 567 419
3487 567 420
3487 567 563 421
3487 567 604 422
3487 567 423
3487 567 419 424
3487 567 563 425
3487 567 563 426
3487 567 563 427
3487 567 428
3487 567 348 429
3487 567 566 430
3487 567 683 431
3487 567 566 432
3487 567 563 433
3487 567 604 434
3487 567 563 435
3487 567 683 436
3487 567 348 437
3487 567 683 438
3487 567 439
3558 4044 525 440
3487 567 348 441
3487 567 563 442
3487 567 348 443
3487 567 559 444
3487 567 542 445
3487 567 492 446
3487 567 348 447
3487 567 460 448
3487 567 563 449
3487 567 497 450
3487 567 451
3487 567 566 452
3487 567 348 453
3487 567 348 454
3487 567 563 455
3596 4039 456
3487 567 563 457
3487 567 553 458
3487 567 563 459
3487 567 460
3487 567 461
3558 4044 525 462
3487 567 542 463
3487 567 348 464
3487 567 465
3487 567 348 466
3487 567 348 467
3487 567 348 468
3487 567 563 469
3487 567 348 470
3487 567 471
3487 567 472
3487 567 561 473
3487 567 475 474
3487 567 475
3487 567 348 476
3487 567 563 477
3487 567 348 478
3487 567 561 479
3487 567 563 480
3487 567 475 481
3434 3198 4048 482
3487 567 483
3487 567 484
3487 567 563 485
3487 567 419 486
3487 567 559 487
3487 567 559 488
3487 567 475 489
3487 567 475 490
3487 567 475 491
3487 567 492
3487 567 566 493
3487 567 561 494
3487 567 542 495
3487 567 591 496
3487 567 497
3487 567 373 498
3487 567 348 499
3487 567 683 500
3487 567 348 501
3487 567 475 502
3487 567 503
3487 567 563 504
3487 567 419 505
3487 567 645 506
3487 567 566 507
3487 567 563 508
3487 567 348 509
3300 4040 510
3487 567 566 511
3487 567 561 512
3487 567 513
3487 567 683 514
3487 567 591 515
3487 567 563 516
3487 567 651 517
3487 567 563 518
3487 567 475 519
3487 567 520
3300 4040 510 521
3487 567 348 522
3487 567 563 523
3487 567 524
3558 4044 525
3409 1505 1528 526
3487 567 527
3487 567 563 528
3487 567 412 529
3487 567 348 530
3487 567 563 531
3487 567 348 532
3300 4040 510 533
3487 567 563 534
3487 567 483 535
3487 567 561 536
3487 567 537
3558 4044 1545 538
3487 567 503 539
3487 567 559 540
3487 567 563 541
3487 567 542
3487 567 563 543
3487 567 683 544
3487 567 566 545
3487 567 563 546
3487 567 475 547
3558 4044 525 548
3487 567 563 549
3487 567 348 550
3487 567 419 551
3487 567 348 552
3487 567 553
3487 567 563 554
3487 567 553 555
3487 567 683 556
3487 567 513 557
3487 567 604 558
3487 567 559
3487 567 561 560
3487 567 561
3487 567 348 562
3487 567 563
3487 567 348 564
3487 567 561 565
3487 567 566
3487 567
3487 567 348 568
3487 567 563 569
3487 567 553 570
3487 567 348 571
3487 567 348 572
3596 4039 672 573
3487 567 414 574
3487 567 414 575
3524 4042 640 576
3524 4042 640 577
3524 4042 640 578
3487 567 590 579
3487 567 580
3487 567 414 581
3524 4042 640 582
3524 4042 640 583
3487 567 414 584
3487 567 414 585
3487 567 646 586
3487 567 651 587
3487 567 414 588
3487 567 414 589
3487 567 590
3487 567 591
3596 4039 672 592
3487 567 566 593
3487 567 563 594
3524 4042 640 595
3487 567 604 596
3487 567 414 597
3487 567 414 598
3524 4042 640 599
3524 4042 640 600
3487 567 580 601
3487 567 414 602
3487 567 414 603
3487 567 604
3487 567 414 605
3432 1758 1674 606
3487 567 414 607
3487 567 414 608
3487 567 590 609
3487 567 610
3487 567 414 611
3487 567 590 612
3487 567 414 613
3487 567 683 614
3524 4042 640 615
3487 567 414 616
3487 567 590 617
3487 567 414 618
3487 567 414 619
3596 4039 672 620
3487 567 414 621
3487 567 414 622
3487 567 590 623
3487 567 414 624
3487 567 414 625
3487 567 414 626
3524 4042 640 627
3487 567 414 628
3487 567 414 629
3596 4039 672 630
3487 567 414 631
3524 4042 640 632
3487 567 590 633
3487 567 651 634
3524 4042 640 635
3487 567 414 636
3558 4044 1545 637
3487 567 414 638
3487 567 483 639
3524 4042 640
3417 4043 1881 641
3487 567 414 642
3524 4042 640 643
3487 567 590 644
3487 567 645
3487 567 646
3524 4042 640 647
3487 567 414 648
3487 567 414 649
3524 4042 640 650
3487 567 651
3487 567 414 652
3596 4039 672 653
3487 567 683 654
3487 567 414 655
3487 567 580 656
3487 567 414 657
3524 4042 640 658
3524 4042 640 659
3487 567 414 660
3524 4042 640 661
3524 4042 640 662
3487 567 414 663
3487 567 414 664
3487 567 414 665
3487 567 553 666
3487 567 428 667
3487 567 414 668
3487 567 645 669
3524 4042 640 670
3487 567 645 671
3596 4039 672
3487 567 414 673
3487 567 414 674
3524 4042 640 675
3487 567 683 676
3487 567 414 677
3596 4039 672 678
3487 567 414 679
3487 567 590 680
3524 4042 640 681
3487 567 414 682
3487 567 683
3487 567 414 684
3487 567 414 685
3437 698 686
3437 698 856 687
3437 698 856 688
3437 698 686 689
3437 698 713 690
3437 698 686 691
3437 698 686 692
3437 698 828 693
3596 4039 845 694
3437 698 840 695
3596 4039 845 696
3437 698 697
3437 698
3437 698 686 699
3437 698 745 700
3596 4039 845 701
3437 698 686 702
3437 698 703
3437 698 686 704
3596 4039 845 705
3437 698 828 706
3437 698 686 707
3437 698 708
3437 698 840 709
3437 698 810 710
3437 698 828 711
3437 698 686 712
3437 698 713
3437 698 686 714
3437 698 805 715
3437 698 747 716
3437 698 798 717
3437 698 828 718
3437 698 719
3437 698 803 720
3437 698 713 721
3437 698 745 722
3437 698 830 723
3437 698 830 724
3437 698 686 725
3596 4039 845 726
3596 4039 845 727
3437 698 856 728
3437 698 729
3437 698 803 730
3437 698 830 731
3437 698 686 732
3437 698 719 733
3437 698 805 734
3437 698 856 735
3437 698 713 736
3437 698 830 737
3437 698 805 738
3437 698 840 739
3437 698 686 740
3437 698 828 741
3437 698 713 742
3437 698 686 743
3437 698 686 744
3437 698 745
3437 698 713 746
3437 698 747
3437 698 830 748
3437 698 686 749
3437 698 686 750
3437 698 830 751
3437 698 830 752
3437 698 753
3437 698 840 754
3596 4039 845 755
3437 698 805 756
3437 698 686 757
3437 698 747 758
3437 698 828 759
3434 3198 4048 760
3437 698 805 761
3437 698 810 762
3437 698 804 763
3437 698 828 764
3437 698 856 765
3437 698 830 766
3437 698 686 767
3437 698 719 768
3437 698 769
3596 4039 845 770
3437 698 686 771
3437 698 772
3437 698 828 773
3437 698 774
3437 698 686 775
3437 698 776
3437 698 830 777
3437 698 830 778
3437 698 840 779
3596 4039 845 780
3437 698 830 781
3437 698 804 782
3437 698 747 783
3437 698 828 784
3437 698 686 785
3437 698 686 786
3437 698 823 787
3437 698 686 788
3437 698 686 789
3437 698 745 790
3437 698 686 791
3437 698 830 792
3437 698 747 793
3437 698 745 794
3437 698 745 795
3437 698 686 796
3437 698 828 797
3437 698 798
3596 4039 845 799
3437 698 800
3437 698 686 801
3437 698 686 802
3437 698 803
3437 698 804
3437 698 805
3437 698 686 806
3437 698 856 807
3437 698 686 808
3437 698 747 809
3437 698 810
3437 698 811
3437 698 828 812
3437 698 745 813
3437 698 828 814
3437 698 856 815
3437 698 713 816
3437 698 830 817
3437 698 805 818
3437 698 819
3596 4039 845 820
3437 698 686 821
3437 698 686 822
3437 698 823
3437 698 840 824
3437 698 825
3437 698 830 826
3437 698 830 827
3437 698 828
3437 698 828 829
3437 698 830
3437 698 805 831
3437 698 803 832
3437 698 713 833
3437 698 830 834
3437 698 828 835
3437 698 686 836
3437 698 840 837
3437 698 856 838
3437 698 686 839
3437 698 840
3437 698 686 841
3437 698 828 842
3437 698 823 843
3437 698 830 844
3596 4039 845
3437 698 830 846
3437 698 830 847
3437 698 840 848
3596 4039 845 849
3437 698 713 850
3437 698 828 851
3437 698 798 852
3437 698 830 853
3437 698 686 854
3437 698 798 855
3437 698 856
3626 857
3437 698 858
3437 698 859
3436 1684 860
3437 698 861
3633 862
3437 698 863
3437 698 864
3633 862 865
3437 698 866
3437 698 867
3633 862 868
3437 698 869
3437 698 870
3626 857 871
3437 698 872
3437 698 873
3437 698 874
3437 698 875
3437 698 876
3437 698 877
3437 698 878
3437 698 879
3437 698 880
3437 698 881
3437 698 882
3437 698 883
3437 698 884
3437 698 885
3437 698 886
3437 698 887
3437 698 888
3437 698 889
3437 698 890
3437 698 891
3437 698 892
3437 698 893
3437 698 894
3437 698 895
3596 4039 1596 896
3412 1405 1846 897
3432 1758 107 898
3432 1758 107 899
3385 1534 1825 900
3432 1758 1837 901
3596 4039 1596 902
3432 1758 1837 903
3290 171 904
3487 567 651 905
3300 4040 1663 906
3558 4044 1845 907
3633 1085 1866 908
3432 1758 1384 909
3432 1758 107 910
3432 1758 107 911
3432 1758 107 912
3417 4043 1881 913
3432 1758 107 914
3417 4043 1881 915
3432 1758 1835 916
3432 1758 1787 917
3432 1758 107 918
3487 567 483 919
3412 1405 1860 920
3558 4044 1845 921
3339 4041 1909 922
3432 1758 923
3290 171 1549 924
3339 4041 1909 925
3432 1758 1835 926
3412 1405 927
3385 1534 1825 928
3409 1505 929
3417 4043 1881 930
3487 567 580 931
3558 4044 1845 932
3487 567 483 933
3432 1758 1835 934
3432 1758 107 935
3487 567 651 936
3432 1758 107 937
3432 1758 1837 938
3558 4044 1545 939
3432 1758 107 940
3596 4039 1596 941
3487 567 483 942
3432 1758 107 943
3432 1758 107 944
3432 1758 107 945
3412 1405 946
3558 4044 1845 947
3434 3198 4048 948
3417 4043 1348 949
3278 1656 1687 950
3278 1656 951
3524 4042 1717 952
3524 4042 953
3417 4043 1591 954
3432 1758 107 955
3261 4049 1548 956
3596 4039 1596 957
3432 1758 1837 958
3417 4043 1809 959
3417 4043 1809 960
3409 1505 961
3290 171 1549 962
3432 1758 1837 963
3524 4042 1482 964
3432 1758 107 965
3417 4043 1809 966
3412 1405 967
3412 1405 946 968
3432 1758 107 969
3300 4040 970
3417 4043 1591 971
3417 4043 1809 972
3278 1656 973
3432 1758 107 974
3596 4039 1596 975
3487 567 580 976
3524 4042 1482 977
3339 4041 1909 978
3432 1758 107 979
3558 4044 1845 980
3596 4039 1596 981
3558 4044 1845 982
3558 4044 1845 983
3417 4043 1591 984
3432 1758 107 985
3432 1758 107 986
3432 1758 987
3596 4039 1596 988
3432 1758 107 989
3361 990
3385 1726 991
3432 1758 1837 992
3524 4042 993
3524 4042 1459 994
3420 1419 995
3409 1505 996
3524 4042 1842 997
3633 1085 1537 998
3524 4042 1842 999
3432 1758 107 1000
3417 4046 1352 1001
3432 1758 107 1002
3412 1405 1851 1003
3524 4042 1842 1004
3432 1758 107 1005
3558 4044 1006
3432 1758 107 1007
3409 1505 1008
3596 4039 1596 1009
3290 171 1549 1010
3524 4042 1482 1011
3417 4043 1881 1012
3290 171 1549 1013
3524 4042 1459 1014
3524 4042 1459 1015
3432 1758 107 1016
3339 4041 1909 1017
3487 567 483 1018
3596 4039 1596 1019
3417 4043 1591 1020
3596 4039 1596 1021
3432 1758 107 1022
3278 1656 1806 1023
3417 4043 1809 1024
3558 4044 1545 1025
3420 1419 1883 1026
3432 1758 107 1027
3432 1758 1835 1028
3290 1171 1029
3432 1758 107 1030
3289 1666 1031
3417 4043 1591 1032
3361 1642 1908 1033
3261 4049 1283 1034
3290 171 1549 1035
3596 4039 1596 1036
3290 171 1549 1037
3633 1085 1518 1038
3524 4042 1842 1039
3417 4043 1809 1040
3524 4042 1482 1041
3432 1758 107 1042
3432 1758 1384 1043
3596 4039 1596 1044
3432 1758 1593 1045
3432 1758 107 1046
3420 1419 1911 1047
3289 1450 1048
3385 1534 1049
3289 1666 1822 1050
3432 1758 107 1051
3417 4043 1881 1052
3290 1171 1053
3558 4044 1721 1054
3289 1666 1055
3524 4042 1842 1056
3432 1758 107 1057
3361 1642 1058
3412 1405 1851 1059
3596 4039 1596 1060
3278 1656 1687 1061
3290 1171 1053 1062
3417 4043 1809 1063
3596 4039 1596 1064
3432 1758 107 1065
3524 4042 1459 1066
3596 4039 1596 1067
3417 4043 1881 1068
3417 4043 1809 1069
3290 171 1549 1070
3432 1758 107 1071
3633 1085 1847 1072
3361 1642 1908 1073
3290 1171 1074
3558 4044 1845 1075
3524 4042 1842 1076
3361 1642 1077
3558 4044 1845 1078
3432 1758 1835 1079
3417 4043 1881 1080
3432 1758 107 1081
3596 4039 1596 1082
3412 1405 1851 1083
3361 1642 1519 1084
3633 1085
3524 4042 1842 1086
3409 1505 1087
3633 1085 1088
3432 1758 107 1089
3432 1758 107 1090
3558 4044 1456 1091
3339 4041 1909 1092
3432 1758 107 1093
3558 4044 1545 1094
3487 567 580 1095
3432 1758 107 1096
3432 1758 1837 1097
3289 1666 1098
3487 567 483 1099
3596 4039 1596 1100
3558 4044 1845 1101
3417 4043 1591 1102
3432 1758 107 1103
3596 4039 1596 1104
3432 1758 107 1105
3417 4043 1591 1106
3558 4044 1845 1107
3487 567 483 1108
3633 1085 1847 1109
3420 1419 1911 1110
3432 1758 107 1111
3558 4044 1721 1112
3417 4043 1881 1113
3487 567 484 1114
3596 4039 1596 1115
3558 4044 1845 1116
3524 4042 1842 1117
3432 1758 1837 1118
3432 1758 107 1119
3596 4039 1596 1120
3633 1085 1847 1121
3524 4042 993 1122
3420 1419 1911 1123
3420 1419 1911 1124
3524 4042 1842 1125
3426 4045 1126
3432 1758 107 1127
3432 1758 1835 1128
3596 4039 1596 1129
3417 4043 1809 1130
3417 4043 1348 1131
3417 4043 1809 1132
3412 1405 1590 1133
3432 1758 107 1134
3417 4043 1881 1135
3633 1085 1136
3432 1758 1837 1137
3289 1666 1266 1138
3524 4042 1482 1139
3289 1666 1140
3432 1758 107 1141
3417 4043 1881 1142
3417 4043 1591 1143
3385 1534 1825 1144
3432 1758 107 1145
3385 1726 1146
3432 1758 107 1147
3596 4039 1596 1148
3558 4044 1845 1149
3278 1656 1150
3290 1171 1151
3432 1758 107 1152
3558 4044 1845 1153
3432 1758 107 1154
3412 1405 1637 1155
3558 4044 1845 1156
3339 4041 1909 1157
3596 4039 1596 1158
3417 4043 1591 1159
3524 4042 1842 1160
3278 1656 1161
3432 1758 107 1162
3417 4043 1809 1163
3412 1405 1765 1164
3432 1758 1165
3339 4041 1350 1166
3432 1758 107 1167
3432 1758 107 1168
3524 4042 1482 1169
3290 171 1549 1170
3290 1171
3524 4042 1842 1172
3385 1534 1173
3385 1534 1825 1174
3412 1405 1175
3417 4043 1591 1176
3385 1726 991 1177
3432 1758 1178
3558 4044 1545 1179
3432 1758 1835 1180
3558 4044 1721 1181
3412 1405 1182
3290 1171 1053 1183
3261 4049 1184
3432 1758 1835 1185
3432 1758 1837 1186
3633 1085 1187
3524 4042 1482 1188
3633 1085 1847 1189
3596 4039 1596 1190
3524 4042 1842 1191
3596 4039 1596 1192
3409 1505 1193
3432 1758 107 1194
3412 1405 1851 1195
3278 1656 1852 1196
3412 1405 1851 1197
3558 4044 1721 1198
3558 4044 1845 1199
3432 1758 107 1200
3524 4042 1842 1201
3432 1758 1858 1202
3633 1085 1847 1203
3596 4039 1596 1204
3524 4042 1842 1205
3432 1758 107 1206
3417 4043 1809 1207
3432 1758 107 1208
3432 1758 1835 1209
3290 171 1549 1210
3432 1758 1858 1211
3558 4044 1545 1212
3432 1758 107 1213
3261 4049 1214
3417 4043 1591 1215
3432 1758 1837 1216
3524 4042 1482 1217
3432 1758 1593 1218
3524 4042 1842 1219
3633 1085 1537 1220
3596 4039 1596 1221
3417 4043 1881 1222
3432 1758 1371 1223
3290 171 904 1224
3432 1758 107 1225
3633 1085 1847 1226
3596 4039 1596 1227
3290 171 1549 1228
3596 4039 1596 1229
3420 1419 1911 1230
3596 4039 1596 1231
3432 1758 1837 1232
3432 1758 107 1233
3432 1758 107 1234
3596 4039 1596 1235
3524 4042 1482 1236
3633 1085 1420 1237
3417 4043 1881 1238
3558 4044 1845 1239
3361 1642 1240
3432 1758 107 1241
3432 1758 1835 1242
3524 4042 1842 1243
3417 4043 1591 1244
3487 567 483 1245
3524 4042 1482 1246
3432 1758 107 1247
3432 1758 107 1248
3432 1758 107 1249
3412 1405 1765 1250
3385 1534 1825 1251
3432 1758 107 1252
3432 1758 107 1253
3432 1758 1165 1254
3412 1405 1255
3432 1758 1835 1256
3596 4039 1596 1257
3432 1758 107 1258
3524 4042 1482 1259
3432 1758 107 1260
3487 567 483 1261
3432 1758 1835 1262
3417 4043 1591 1263
3432 1758 107 1264
3300 4040 1265
3289 1666 1266
3432 1758 1835 1267
3432 1758 107 1268
3558 4044 1845 1269
3432 1758 107 1270
3417 4043 1809 1271
3412 1405 1272
3487 567 483 1273
3278 1656 1274
3524 4042 1482 1275
3432 1758 107 1276
3596 4039 1596 1277
3300 4040 1524 1278
3596 4039 1596 1279
3524 4042 1842 1280
3487 567 483 1281
3417 4043 1591 1282
3261 4049 1283
3417 4043 1591 1284
3417 4043 1809 1285
3417 4043 1591 1286
3524 4042 1287
3524 4042 1842 1288
3524 4042 1842 1289
3558 4044 1845 1290
3261 4049 1291
3596 4039 1596 1292
3432 1758 1835 1293
3290 171 1549 1294
3432 1758 107 1295
3432 1758 107 1296
3290 1171 1297
3300 4040 1298
3524 4042 1482 1299
3487 567 580 1300
3633 1085 1518 1301
3432 1758 1835 1302
3487 567 483 1303
3432 1758 107 1304
3261 4049 1305
3417 4043 1348 1306
3633 1085 1307
3432 1758 107 1308
3487 567 483 1309
3432 1758 107 1310
3290 171 1549 1311
3412 1405 1312
3487 567 580 1313
3432 1758 1837 1314
3524 4042 1459 1315
3432 1758 107 1316
3278 1656 1317
3417 4043 1881 1318
3432 1758 1837 1319
3558 4044 1545 1320
3420 1419 1911 1321
3596 4039 1596 1322
3524 4042 1842 1323
3487 567 483 1324
3633 1085 1866 1325
3432 1758 107 1326
3278 1656 1327
3633 1085 1328
3412 1405 1329
3524 4042 1842 1330
3558 4044 1845 1331
3417 4043 1881 1332
3432 1758 1837 1333
3432 1758 1835 1334
3524 4042 1842 1335
3417 4043 1809 1336
3420 1419 1911 1337
3290 171 1549 1338
3300 4040 1663 1339
3558 4044 1721 1340
3558 4044 1845 1341
3412 1405 1637 1342
3417 4043 1881 1343
3432 1758 1835 1344
3596 4039 1596 1345
3633 1085 1537 1346
3596 4039 1596 1347
3417 4043 1348
3487 567 580 1349
3339 4041 1350
3558 4044 1845 1351
3417 4046 1352
3361 1642 1240 1353
3432 1758 107 1354
3432 1758 107 1355
3417 4043 1881 1356
3409 1505 1008 1357
3417 4043 1881 1358
3432 1758 1835 1359
3385 1726 1360
3420 1419 1911 1361
3432 1758 107 1362
3432 1758 1837 1363
3432 1758 107 1364
3524 4042 1842 1365
3417 4043 1591 1366
3261 4049 1367
3432 1758 107 1368
3385 1726 1369
3417 4043 1809 1370
3432 1758 1371
3432 1758 107 1372
3596 4039 1596 1373
3487 567 651 1374
3558 4044 1721 1375
3412 1405 1376
3417 4043 1881 1377
3432 1758 1837 1378
3596 4039 1596 1379
3417 4043 1809 1380
3417 4043 1591 1381
3487 567 483 1382
3339 4041 1909 1383
3432 1758 1384
3558 4044 1545 1385
3432 1758 107 1386
3385 1726 1387
3558 4044 1845 1388
3420 1419 1843 1389
3420 1419 1843 1390
3558 4044 1845 1391
3524 4042 1459 1392
3558 4044 1845 1393
3361 1642 1240 1394
3339 4041 1909 1395
3487 567 483 1396
3487 567 484 1397
3412 1405 1851 1398
3558 4044 1845 1399
3558 4044 1545 1400
3261 4049 1291 1401
3417 4043 1809 1402
3432 1758 107 1403
3596 4039 1596 1404
3412 1405
3487 567 483 1406
3261 4049 1753 1407
3290 171 1549 1408
3558 4044 1845 1409
3633 1085 1410
3289 1450 1411
3290 171 1549 1412
3596 4039 1596 1413
3432 1758 107 1414
3524 4042 1482 1415
3432 1758 1835 1416
3432 1758 107 1417
3432 1758 107 1418
3420 1419
3633 1085 1420
3633 1085 1421
3633 1085 1420 1422
3417 4043 1591 1423
3432 1758 1837 1424
3290 171 1549 1425
3596 4039 1596 1426
3417 4043 1881 1427
3524 4042 1482 1428
3487 567 483 1429
3432 1758 107 1430
3558 4044 1845 1431
3596 4039 1596 1432
3633 1085 1866 1433
3289 1666 1434
3524 4042 1717 1435
3417 4043 1881 1436
3420 1419 1437
3524 4042 1459 1438
3339 4041 1610 1439
3420 1419 1440
3289 1666 1441
3432 1758 107 1442
3432 1758 107 1443
3434 3198 4048 1444
3409 1505 1445
3290 171 1549 1446
3420 1419 1843 1447
3596 4039 1596 1448
3412 1405 1860 1449
3289 1450
3432 1758 107 1451
3432 1758 1837 1452
3432 1758 107 1453
3487 567 483 1454
3558 4044 1545 1455
3558 4044 1456
3417 4043 1809 1457
3278 1656 1852 1458
3524 4042 1459
3409 1505 1460
3432 1758 1461
3596 4039 1596 1462
3432 1758 107 1463
3487 567 483 1464
3290 1171 1465
3432 1758 107 1466
3412 1405 1467
3432 1758 1837 1468
3633 1085 1866 1469
3420 1419 1843 1470
3339 4041 1909 1471
3633 1085 1847 1472
3558 4044 1545 1473
3432 1758 107 1474
3596 4039 1596 1475
3361 1642 1476
3289 1666 1477
3558 4044 1545 1478
3596 4039 1596 1479
3432 1758 1480
3417 4043 1591 1481
3524 4042 1482
3524 4042 1842 1483
3558 4044 1845 1484
3412 1405 1485
3290 1171 1486
3417 4043 1881 1487
3558 4044 1845 1488
3417 4043 1591 1489
3487 567 483 1490
3524 4042 1842 1491
3487 567 483 1492
3432 1758 1837 1493
3633 1085 1494
3417 4043 1591 1495
3633 1085 1847 1496
3417 4043 1881 1497
3633 1085 1537 1498
3361 1642 1552 1499
3432 1758 107 1500
3339 4041 1909 1501
3596 4039 1596 1502
3432 1758 107 1503
3524 4042 1482 1504
3409 1505
3487 567 484 1506
3633 1085 1847 1507
3487 567 483 1508
3412 1405 1509
3432 1758 107 1510
3278 1656 1511
3487 567 651 1512
3412 1405 1513
3487 567 580 1514
3417 4043 1591 1515
3432 1758 1835 1516
3558 4044 1845 1517
3633 1085 1518
3361 1642 1519
3558 4044 1520
3420 1419 1911 1521
3412 1405 1851 1522
3420 1419 1911 1523
3300 4040 1524
3290 171 1549 1525
3558 4044 1545 1526
3361 1642 1527
3409 1505 1528
3524 4042 1482 1529
3261 4049 1530
3432 1758 107 1531
3261 4049 1184 1532
3432 1758 1533
3385 1534
3420 1419 1843 1535
3417 4043 1881 1536
3633 1085 1537
3420 1419 1780 1538
3432 1758 1835 1539
3339 4041 1909 1540
3633 1085 1847 1541
3558 4044 1845 1542
3417 4043 1881 1543
3412 1405 1544
3558 4044 1545
3432 1758 107 1546
3417 4043 1809 1547
3261 4049 1548
3290 171 1549
3596 4039 1596 1550
3300 4040 1551
3361 1642 1552
3633 1085 1553
3558 4044 1845 1554
3385 1726 1555
3339 4041 1610 1556
3558 4044 1845 1557
3412 1405 1860 1558
3420 1419 1843 1559
3432 1758 107 1560
3278 1656 1561
3426 4045 1126 1562
3278 1656 1852 1563
3289 1666 1564
3417 4043 1881 1565
3432 1758 107 1566
3633 1085 1567
3432 1758 1837 1568
3417 4043 1591 1569
3524 4042 1842 1570
3420 1419 1911 1571
3300 4040 1524 1572
3596 4039 1596 1573
3290 171 1549 1574
3339 4041 1350 1575
3596 4039 1596 1576
3289 1666 1577
3596 4039 1596 1578
3385 1726 1555 1579
3524 4042 1842 1580
3432 1758 107 1581
3487 567 483 1582
3596 4039 1596 1583
3558 4044 1845 1584
3289 1666 1585
3432 1758 107 1586
3596 4039 1596 1587
3633 1085 1588
3558 4044 1845 1589
3412 1405 1590
3417 4043 1591
3524 4042 1459 1592
3432 1758 1593
3420 1419 1594
3417 4043 1591 1595
3596 4039 1596
3524 4042 1842 1597
3420 1419 1843 1598
3432 1758 107 1599
3432 1758 1835 1600
3432 1758 1837 1601
3432 1758 107 1602
3558 4044 1845 1603
3420 1419 1843 1604
3420 1419 1843 1605
3417 4043 1881 1606
3290 1171 1053 1607
3524 4042 1842 1608
3524 4042 1842 1609
3339 4041 1610
3596 4039 1596 1611
3412 1405 1612
3524 4042 1842 1613
3412 1405 1614
3633 1085 1866 1615
3417 4043 1881 1616
3412 1405 1851 1617
3524 4042 1717 1618
3417 4043 1809 1619
3417 4043 1881 1620
3524 4042 1842 1621
3412 1405 1622
3339 4041 1909 1623
3290 171 1549 1624
3290 171 1549 1625
3420 1419 1911 1626
3432 1758 107 1627
3596 4039 1596 1628
3432 1758 1837 1629
3524 4042 1482 1630
3487 567 483 1631
3432 1758 1835 1632
3432 1758 107 1633
3524 4042 1482 1634
3339 4041 1350 1635
3596 4039 1596 1636
3412 1405 1637
3487 567 483 1638
3412 1405 1639
3432 1758 107 1640
3633 1085 1866 1641
3361 1642
3432 1758 1835 1643
3412 1405 1765 1644
3417 4043 1881 1645
3417 4043 1881 1646
3524 4042 1459 1647
3432 1758 1837 1648
3417 4043 1591 1649
3524 4042 1482 1650
3420 1419 995 1651
3417 4043 1809 1652
3432 1758 1835 1653
3558 4044 1545 1654
3417 4043 1591 1655
3278 1656
3432 1758 107 1657
3417 4043 1881 1658
3432 1758 1835 1659
3487 567 483 1660
3417 4043 1591 1661
3558 4044 1845 1662
3300 4040 1663
3432 1758 107 1664
3558 4044 1845 1665
3289 1666
3432 1758 107 1667
3417 4043 1809 1668
3558 4044 1845 1669
3361 1642 1670
3417 4043 1881 1671
3432 1758 107 1672
3487 567 651 1673
3432 1758 1674
3417 4043 1881 1675
3385 1534 1825 1676
3487 567 580 1677
3385 1726 1678
3558 4044 1545 1679
3596 4039 1596 1680
3633 1085 1847 1681
3596 4039 1596 1682
3417 4043 1881 1683
3436 1684
3558 4044 1845 1685
3432 1758 107 1686
3278 1656 1687
3417 4043 1881 1688
3524 4042 1842 1689
3432 1758 107 1690
3596 4039 1596 1691
3417 4043 1881 1692
3361 1642 1240 1693
3487 567 580 1694
3417 4043 1881 1695
3558 4044 1545 1696
3339 4041 1909 1697
3633 1085 1847 1698
3432 1758 107 1699
3300 4040 1551 1700
3385 1534 1701
3278 1656 1702
3290 171 1549 1703
3432 1758 107 1704
3633 1085 1705
3417 4043 1591 1706
3558 4044 1845 1707
3278 1656 1687 1708
3524 4042 1482 1709
3409 1505 1528 1710
3432 1758 107 1711
3412 1405 1846 1712
3432 1758 107 1713
3412 1405 1846 1714
3417 4043 1591 1715
3596 4039 1596 1716
3524 4042 1717
3596 4039 2463 1718
3633 1085 1719
3417 4043 1591 1720
3558 4044 1721
3339 4041 1909 1722
3524 4042 1842 1723
3558 4044 1721 1724
3432 1758 107 1725
3385 1726
3417 4043 1881 1727
3300 4040 1298 1728
3487 567 483 1729
3558 4044 1845 1730
3432 1758 107 1731
3487 567 483 1732
3432 1758 1837 1733
3558 4044 1845 1734
3412 1405 1851 1735
3558 4044 1845 1736
3524 4042 1717 1737
3432 1758 107 1738
3432 1758 107 1739
3290 171 1549 1740
3417 4043 1809 1741
3524 4042 1459 1742
3558 4044 1545 1743
3487 567 651 1744
3487 567 563 1745
3432 1758 1835 1746
3432 1758 1837 1747
3432 1758 107 1748
3432 1758 107 1749
3432 1758 1835 1750
3487 567 483 1751
3432 1758 1835 1752
3261 4049 1753
3558 4044 1845 1754
3432 1758 107 1755
3417 4043 1348 1756
3432 1758 1835 1757
3432 1758
3432 1758 107 1759
3432 1758 107 1760
3420 1419 1843 1761
3558 4044 1545 1762
3290 171 1549 1763
3417 4043 1591 1764
3412 1405 1765
3417 4043 1881 1766
3558 4044 1545 1767
3339 4041 1909 1768
3558 4044 1845 1769
3524 4042 1482 1770
3432 1758 107 1771
3524 4042 1842 1772
3417 4043 1881 1773
3420 1419 1911 1774
3558 4044 1845 1775
3432 1758 107 1776
3487 567 563 1777
3290 171 1549 1778
3412 1405 1779
3420 1419 1780
3417 4043 1591 1781
3339 4041 1909 1782
3596 4039 1596 1783
3432 1758 1837 1784
3432 1758 107 1785
3596 4039 1596 1786
3432 1758 1787
3432 1758 1384 1788
3524 4042 1717 1789
3487 567 580 1790
3412 1405 1851 1791
3289 1666 1792
3558 4044 1845 1793
3417 4043 1881 1794
3432 1758 1835 1795
3558 4044 1721 1796
3261 4049 1214 1797
3432 1758 1837 1798
3558 4044 1845 1799
3417 4043 1881 1800
3290 171 1549 1801
3432 1758 1837 1802
3633 1085 1803
3524 4042 1842 1804
3420 1419 1911 1805
3278 1656 1806
3417 4043 1591 1807
3290 1171 1053 1808
3417 4043 1809
3558 4044 1845 1810
3524 4042 1842 1811
3487 567 483 1812
3420 1419 1911 1813
3432 1758 107 1814
3417 4043 1348 1815
3432 1758 1835 1816
3420 1419 1911 1817
3432 1758 107 1818
3412 1405 1846 1819
3487 567 483 1820
3432 1758 1480 1821
3289 1666 1822
3432 1758 1835 1823
3487 567 483 1824
3385 1534 1825
3524 4042 1842 1826
3558 4044 1845 1827
3417 4043 1591 1828
3432 1758 107 1829
3432 1758 107 1830
3558 4044 1545 1831
3417 4043 1809 1832
3524 4042 1842 1833
3432 1758 107 1834
3432 1758 1835
3278 1656 1852 1836
3432 1758 1837
3385 1534 1701 1838
3339 4041 1909 1839
3432 1758 107 1840
3596 4039 1596 1841
3524 4042 1842
3420 1419 1843
3290 171 1549 1844
3558 4044 1845
3412 1405 1846
3633 1085 1847
3524 4042 1459 1848
3524 4042 1842 1849
3487 567 483 1850
3412 1405 1851
3278 1656 1852
3558 4044 1545 1853
3432 1758 107 1854
3487 567 353 1855
3633 1085 1537 1856
3596 4039 1596 1857
3432 1758 1858
3596 4039 1596 1859
3412 1405 1860
3524 4042 1842 1861
3596 4039 1596 1862
3420 1419 1911 1863
3558 4044 1845 1864
3420 1419 1911 1865
3633 1085 1866
3417 4043 1881 1867
3524 4042 1842 1868
3524 4042 1482 1869
3487 567 580 1870
3417 4043 1591 1871
3596 4039 1596 1872
3596 4039 1596 1873
3339 4041 1610 1874
3524 4042 1459 1875
3432 1758 1787 1876
3524 4042 1717 1877
3487 567 580 1878
3524 4042 1842 1879
3432 1758 1837 1880
3417 4043 1881
3417 4043 1881 1882
3420 1419 1883
3596 4039 1596 1884
3417 4043 1881 1885
3417 4043 1809 1886
3417 4043 1591 1887
3524 4042 1842 1888
3432 1758 107 1889
3432 1758 107 1890
3432 1758 1835 1891
3432 1758 1787 1892
3434 3198 4048 1893
3339 4041 1350 1894
3432 1758 1837 1895
3290 1171 1053 1896
3417 4043 1881 1897
3417 4043 1809 1898
3596 4039 1596 1899
3417 4043 1809 1900
3412 1405 1509 1901
3420 1419 1911 1902
3596 4039 1596 1903
3524 4042 1482 1904
3289 1666 1822 1905
3432 1758 107 1906
3487 567 483 1907
3361 1642 1908
3339 4041 1909
3417 4043 1881 1910
3420 1419 1911
3290 58 1912
3524 4042 2355 1913
3261 4049 2025 1914
3290 58 1912 1915
3596 4039 2463 1916
3426 4045 1917
3524 4042 2564 1918
3261 4049 2025 1919
3596 4039 2463 1920
3261 4049 2025 1921
3290 58 1912 1922
3261 4049 2641 1923
3290 58 1912 1924
3524 4042 2564 1925
3426 4045 2610 1926
3290 58 1912 1927
3290 58 1912 1928
3524 4042 2564 1929
3596 4039 2047 1930
3261 4049 2025 1931
3596 4039 2463 1932
3290 58 1912 1933
3290 58 1912 1934
3261 4049 2025 1935
3596 4039 2047 1936
3290 58 1912 1937
3524 4042 2564 1938
3426 4045 2451 1939
3596 4039 2463 1940
3524 4042 2564 1941
3524 4042 2564 1942
3524 4042 2564 1943
3426 4045 2610 1944
3596 4039 2463 1945
3524 4042 2564 1946
3596 4039 2463 1947
3596 4039 2463 1948
3290 58 1912 1949
3290 58 1912 1950
3290 58 1912 1951
3596 4039 2111 1952
3524 4042 2564 1953
3596 4039 2463 1954
3596 4039 2463 1955
3290 58 1912 1956
3261 4049 2025 1957
3290 58 1912 1958
3426 4045 2451 1959
3290 58 1912 1960
3290 58 1912 1961
3524 4042 2564 1962
3524 4042 2564 1963
3426 4045 2610 1964
3417 4043 2289 1965
3524 4042 2564 1966
3290 58 1912 1967
3290 58 1912 1968
3290 58 1912 1969
3596 4039 2111 1970
3524 4042 2564 1971
3261 4049 2025 1972
3290 58 1912 1973
3290 58 1912 1974
3596 4039 2047 1975
3290 58 1912 1976
3261 4049 2291 1977
3596 4039 2047 1978
3524 4042 2564 1979
3261 4049 2025 1980
3426 4045 2451 1981
3339 4041 2443 1982
3524 4042 2564 1983
3596 4039 1984
3524 4042 2564 1985
3524 4042 2564 1986
3417 4043 2289 1987
3339 4041 2443 1988
3596 4039 1989
3596 4039 2047 1990
3290 58 1912 1991
3290 58 1912 1992
3524 4042 2564 1993
3426 4045 2451 1994
3261 4049 2025 1995
3290 58 1912 1996
3524 4042 2564 1997
3290 58 1912 1998
3290 58 1912 1999
3290 58 1912 2000
3261 4049 2025 2001
3596 4039 2463 2002
3596 4039 2394 2003
3290 58 1912 2004
3524 4042 2564 2005
3290 58 1912 2006
3596 4039 2463 2007
3290 58 1912 2008
3290 58 1912 2009
3596 4039 2463 2010
3261 4049 2025 2011
3290 58 1912 2012
3290 58 1912 2013
3290 58 1912 2014
3290 58 1912 2015
3290 58 1912 2016
3290 58 1912 2017
3290 58 1912 2018
3300 4040 2499 2019
3524 4042 2564 2020
3524 4042 2564 2021
3290 58 1912 2022
3596 4039 2047 2023
3290 58 1912 2024
3261 4049 2025
3426 4045 2451 2026
3290 58 1912 2027
3596 4039 2463 2028
3261 4049 2062 2029
3524 4042 2030
3524 4042 2031
3596 4039 2463 2032
3524 4042 2564 2033
3290 58 1912 2034
3290 58 1912 2035
3426 4045 2610 2036
3524 4042 2564 2037
3426 4045 2610 2038
3596 4039 2463 2039
3524 4042 2564 2040
3290 58 1912 2041
3596 4039 2463 2042
3524 4042 2564 2043
3300 4040 2499 2044
3524 4042 2564 2045
3300 4040 2542 2046
3596 4039 2047
3417 4043 2289 2048
3596 4039 2047 2049
3290 58 1912 2050
3290 58 1912 2051
3596 4039 2463 2052
3596 4039 2463 2053
3596 4039 2463 2054
3300 4040 2542 2055
3524 4042 2564 2056
3596 4039 2111 2057
3524 4042 2564 2058
3524 4042 2564 2059
3524 4042 2564 2060
3261 4049 2025 2061
3261 4049 2062
3524 4042 2564 2063
3417 4043 2064
3300 4040 2462 2065
3596 4039 2047 2066
3524 4042 2334 2067
3596 4039 2463 2068
3524 4042 2564 2069
3290 58 1912 2070
3596 4039 2463 2071
3596 4039 2463 2072
3524 4042 2564 2073
3524 4042 2564 2074
3426 4045 2451 2075
3290 58 1912 2076
3524 4042 2564 2077
3524 4042 2564 2078
3290 58 1912 2079
3596 4039 2047 2080
3596 4039 2463 2081
3290 58 1912 2082
3524 4042 2564 2083
3300 4040 2499 2084
3426 4045 2610 2085
3524 4042 2564 2086
3596 4039 2463 2087
3524 4042 2564 2088
3290 58 1912 2089
3524 4042 2564 2090
3290 58 1912 2091
3596 4039 2300 2092
3524 4042 2564 2093
3290 58 1912 2094
3524 4042 2564 2095
3261 4049 2062 2096
3261 4049 2025 2097
3300 4040 2542 2098
3290 58 1912 2099
3290 58 1912 2100
3426 4045 2451 2101
3426 4045 2610 2102
3524 4042 2564 2103
3434 3198 4048 2104
3290 58 1912 2105
3290 58 1912 2106
3596 4039 2047 2107
3524 4042 2564 2108
3524 4042 2564 2109
3596 4039 2394 2110
3596 4039 2111
3524 4042 2564 2112
3290 58 1912 2113
3290 58 1912 2114
3300 4040 2542 2115
3524 4042 2355 2116
3261 4049 2641 2117
3524 4042 2564 2118
3290 58 1912 2119
3290 58 1912 2120
3524 4042 2564 2121
3524 4042 2564 2122
3417 4046 2123
3524 4042 2564 2124
3596 4039 2463 2125
3596 4039 2047 2126
3596 4039 2463 2127
3596 4039 2463 2128
3290 58 1912 2129
3290 58 1912 2130
3524 4042 2564 2131
3300 4040 2462 2132
3426 4045 2610 2133
3596 4039 2463 2134
3596 4039 2463 2135
3524 4042 2564 2136
3261 4049 2062 2137
3596 4039 2463 2138
3524 4042 2564 2139
3300 4040 2542 2140
3426 4045 2610 2141
3524 4042 2564 2142
3596 4039 2463 2143
3596 4039 2463 2144
3426 4045 2610 2145
3290 58 1912 2146
3339 4041 2443 2147
3596 4039 2463 2148
3596 4039 2463 2149
3524 4042 2564 2150
3596 4039 2463 2151
3290 58 1912 2152
3596 4039 2463 2153
3524 4042 2564 2154
3261 4049 2641 2155
3290 58 1912 2156
3290 58 1912 2157
3290 58 1912 2158
3261 4049 2025 2159
3290 58 1912 2160
3426 4045 2451 2161
3290 58 1912 2162
3596 4039 2111 2163
3300 4040 2542 2164
3300 4040 2542 2165
3417 4043 2289 2166
3290 58 1912 2167
3290 58 1912 2168
3596 4039 2463 2169
3290 58 1912 2170
3261 4049 2025 2171
3524 4042 2564 2172
3596 4039 2047 2173
3426 4045 2610 2174
3417 4043 2289 2175
3426 4045 2610 2176
3426 4045 2451 2177
3290 58 1912 2178
3558 4044 2464 2179
3426 4045 2451 2180
3290 58 1912 2181
3426 4045 2610 2182
3434 3198 4048 2183
3524 4042 2564 2184
3417 4043 2289 2185
3596 4039 2047 2186
3596 4039 2463 2187
3300 4040 2188
3300 4040 2542 2189
3524 4042 2564 2190
3426 4045 2451 2191
3290 58 1912 2192
3596 4039 2047 2193
3596 4039 2463 2194
3290 58 1912 2195
3596 4039 2463 2196
3290 58 1912 2197
3596 4039 2463 2198
3596 4039 2463 2199
3417 4043 2200
3524 4042 2564 2201
3261 4049 2025 2202
3596 4039 2463 2203
3290 58 1912 2204
3596 4039 2047 2205
3524 4042 2564 2206
3290 58 1912 2207
3300 4040 2462 2208
3261 4049 2641 2209
3524 4042 2564 2210
3426 4045 2610 2211
3524 4042 2564 2212
3524 4042 2564 2213
3261 4049 2291 2214
3596 4039 2111 2215
3524 4042 2564 2216
3290 58 1912 2217
3339 4041 2218
3290 58 1912 2219
3524 4042 2564 2220
3261 4049 2641 2221
3596 4039 2111 2222
3596 4039 2463 2223
3596 4039 2463 2224
3261 4049 2025 2225
3426 4045 2610 2226
3290 58 1912 2227
3290 58 1912 2228
3524 4042 2564 2229
3290 58 1912 2230
3596 4039 2047 2231
3596 4039 2394 2232
3261 4049 2233
3300 4040 2499 2234
3426 4045 2451 2235
3290 58 1912 2236
3524 4042 2564 2237
3290 58 1912 2238
3596 4039 2047 2239
3524 4042 2564 2240
3596 4039 2463 2241
3426 4045 2610 2242
3426 4045 2451 2243
3524 4042 2564 2244
3290 58 1912 2245
3261 4049 2641 2246
3261 4049 2641 2247
3596 4039 2047 2248
3596 4039 2111 2249
3596 4039 2463 2250
3290 58 1912 2251
3290 58 1912 2252
3524 4042 2564 2253
3596 4039 2463 2254
3290 58 1912 2255
3261 4049 2291 2256
3524 4042 2564 2257
3524 4042 2564 2258
3426 4045 2451 2259
3417 4043 2289 2260
3524 4042 2564 2261
3596 4039 2300 2262
3290 58 1912 2263
3596 4039 2463 2264
3261 4049 2291 2265
3524 4042 2564 2266
3596 4039 2463 2267
3596 4039 2463 2268
3290 58 1912 2269
3261 4049 2641 2270
3524 4042 2564 2271
3426 4045 2610 2272
3596 4039 2463 2273
3596 4039 2111 2274
3524 4042 2564 2275
3524 4042 2564 2276
3596 4039 2047 2277
3524 4042 2564 2278
3596 4039 2463 2279
3426 4045 2451 2280
3290 58 1912 2281
3596 4039 2463 2282
3596 4039 2463 2283
3290 58 1912 2284
3596 4039 2111 2285
3596 4039 2047 2286
3300 4040 2542 2287
3596 4039 2300 2288
3417 4043 2289
3524 4042 2290
3261 4049 2291
3596 4039 2463 2292
3596 4039 2111 2293
3596 4039 2463 2294
3596 4039 2111 2295
3426 4045 2610 2296
3290 58 1912 2297
3290 58 1912 2298
3524 4042 2564 2299
3596 4039 2300
3290 58 1912 2301
3596 4039 2463 2302
3434 3198 4048 2303
3596 4039 2394 2304
3596 4039 2111 2305
3524 4042 2564 2306
3524 4042 2564 2307
3524 4042 2564 2308
3524 4042 2564 2309
3417 4043 2289 2310
3300 4040 2462 2311
3426 4045 2610 2312
3339 4041 2443 2313
3596 4039 2047 2314
3426 4045 2451 2315
3290 58 1912 2316
3290 58 1912 2317
3261 4049 2291 2318
3596 4039 2463 2319
3290 58 1912 2320
3290 58 1912 2321
3426 4045 2610 2322
3524 4042 2564 2323
3524 4042 2564 2324
3596 4039 2463 2325
3524 4042 2564 2326
3596 4039 2463 2327
3300 4040 2542 2328
3300 4040 2542 2329
3596 4039 2463 2330
3524 4042 2564 2331
3596 4039 2463 2332
3596 4039 2463 2333
3524 4042 2334
3596 4039 2047 2335
3596 4039 2463 2336
3290 58 1912 2337
3558 4044 2343 2338
3524 4042 2564 2339
3524 4042 2564 2340
3290 58 1912 2341
3290 58 1912 2342
3558 4044 2343
3596 4039 2463 2344
3426 4045 2610 2345
3261 4049 2025 2346
3300 4040 2542 2347
3524 4042 2564 2348
3290 58 1912 2349
3300 4040 2542 2350
3596 4039 2463 2351
3524 4042 2564 2352
3558 4044 2353
3524 4042 2564 2354
3524 4042 2355
3417 4043 2356
3290 58 1912 2357
3290 58 1912 2358
3524 4042 2564 2359
3290 58 1912 2360
3596 4039 2047 2361
3426 4045 2610 2362
3524 4042 2564 2363
3261 4049 2025 2364
3261 4049 2025 2365
3417 4043 2289 2366
3596 4039 2394 2367
3596 4039 2463 2368
3524 4042 2564 2369
3596 4039 2370
3596 4039 2047 2371
3596 4039 2463 2372
3290 58 1912 2373
3524 4042 2564 2374
3290 58 1912 2375
3524 4042 2564 2376
3596 4039 2463 2377
3290 58 1912 2378
3596 4039 2047 2379
3290 58 1912 2380
3524 4042 2564 2381
3290 58 1912 2382
3524 4042 2564 2383
3596 4039 2463 2384
3596 4039 2111 2385
3300 4040 2542 2386
3300 4040 2542 2387
3290 58 1912 2388
3426 4045 2610 2389
3426 4045 2451 2390
3300 4040 2542 2391
3524 4042 2564 2392
3300 4040 2542 2393
3596 4039 2394
3524 4042 2564 2395
3426 4045 2451 2396
3596 4039 2047 2397
3300 4040 2542 2398
3596 4039 2463 2399
3426 4045 2610 2400
3290 58 1912 2401
3290 58 1912 2402
3596 4039 2047 2403
3524 4042 2564 2404
3290 58 1912 2405
3426 4045 2610 2406
3524 4042 2564 2407
3524 4042 2564 2408
3524 4042 2564 2409
3261 4049 2410
3596 4039 2047 2411
3290 58 1912 2412
3524 4042 2355 2413
3524 4042 2564 2414
3596 4039 2111 2415
3261 4049 2641 2416
3596 4039 2394 2417
3524 4042 2564 2418
3261 4049 2641 2419
3426 4045 2451 2420
3290 58 1912 2421
3290 58 1912 2422
3524 4042 2564 2423
3290 58 1912 2424
3261 4049 2641 2425
3290 58 1912 2426
3300 4040 2499 2427
3524 4042 2564 2428
3596 4039 2370 2429
3524 4042 2564 2430
3290 58 1912 2431
3596 4039 2394 2432
3524 4042 2564 2433
3426 4045 2451 2434
3290 58 1912 2435
3596 4039 2463 2436
3290 58 1912 2437
3426 4045 2451 2438
3290 58 1912 2439
3417 4043 2289 2440
3290 58 1912 2441
3300 4040 2499 2442
3339 4041 2443
3290 58 1912 2444
3596 4039 2463 2445
3524 4042 2564 2446
3290 58 1912 2447
3417 4043 2289 2448
3300 4040 2499 2449
3290 58 1912 2450
3426 4045 2451
3290 58 1912 2452
3261 4049 2291 2453
3300 4040 2542 2454
3290 58 1912 2455
3290 58 1912 2456
3290 58 1912 2457
3426 4045 2451 2458
3524 4042 2355 2459
3417 4043 2460
3596 4039 2463 2461
3300 4040 2462
3596 4039 2463
3558 4044 2464
3596 4039 2111 2465
3290 58 1912 2466
3524 4042 2564 2467
3524 4042 2564 2468
3524 4042 2564 2469
3290 58 1912 2470
3596 4039 2463 2471
3596 4039 2111 2472
3596 4039 2394 2473
3417 4043 2289 2474
3596 4039 2463 2475
3261 4049 2410 2476
3524 4042 2564 2477
3524 4042 2564 2478
3426 4045 2451 2479
3426 4045 2610 2480
3290 58 1912 2481
3524 4042 2564 2482
3290 58 1912 2483
3524 4042 2564 2484
3524 4042 2564 2485
3290 58 1912 2486
3290 58 1912 2487
3290 58 1912 2488
3524 4042 2564 2489
3339 4041 2443 2490
3596 4039 2463 2491
3524 4042 2564 2492
3261 4049 2641 2493
3290 58 1912 2494
3524 4042 2564 2495
3596 4039 2111 2496
3596 4039 2047 2497
3426 4045 2610 2498
3300 4040 2499
3524 4042 2564 2500
3300 4040 2542 2501
3596 4039 2111 2502
3596 4039 2047 2503
3524 4042 2564 2504
3290 58 1912 2505
3300 4040 2542 2506
3524 4042 2564 2507
3596 4039 2463 2508
3596 4039 2463 2509
3596 4039 2463 2510
3596 4039 2463 2511
3596 4039 2463 2512
3290 58 1912 2513
3524 4042 2031 2514
3290 58 1912 2515
3596 4039 2463 2516
3524 4042 2031 2517
3290 58 1912 2518
3596 4039 2111 2519
3524 4042 2564 2520
3524 4042 2564 2521
3426 4045 2451 2522
3290 58 1912 2523
3300 4040 2499 2524
3261 4049 2641 2525
3524 4042 2564 2526
3339 4041 2443 2527
3290 58 1912 2528
3426 4045 2610 2529
3558 4044 2343 2530
3426 4045 2610 2531
3300 4040 2542 2532
3596 4039 2463 2533
3596 4039 2047 2534
3290 58 1912 2535
3300 4040 2542 2536
3426 4045 2451 2537
3290 58 1912 2538
3300 4040 2542 2539
3290 58 1912 2540
3290 58 1912 2541
3300 4040 2542
3434 3198 4048 2543
3596 4039 2463 2544
3596 4039 2300 2545
3524 4042 2564 2546
3596 4039 2463 2547
3290 58 1912 2548
3524 4042 2564 2549
3524 4042 2564 2550
3524 4042 2564 2551
3524 4042 2564 2552
3524 4042 2564 2553
3524 4042 2564 2554
3417 4043 2289 2555
3300 4040 2542 2556
3261 4049 2641 2557
3290 58 1912 2558
3524 4042 2564 2559
3524 4042 2564 2560
3524 4042 2564 2561
3290 58 1912 2562
3524 4042 2564 2563
3524 4042 2564
3290 58 1912 2565
3426 4045 2610 2566
3596 4039 2463 2567
3290 58 1912 2568
3290 58 1912 2569
3290 58 1912 2570
3596 4039 2394 2571
3596 4039 2111 2572
3524 4042 2564 2573
3300 4040 2542 2574
3524 4042 2564 2575
3417 4043 2460 2576
3290 58 1912 2577
3524 4042 2564 2578
3524 4042 2564 2579
3596 4039 2047 2580
3426 4045 2610 2581
3596 4039 2463 2582
3261 4049 2025 2583
3339 4041 2443 2584
3290 58 1912 2585
3524 4042 2564 2586
3290 58 1912 2587
3596 4039 2463 2588
3596 4039 2463 2589
3524 4042 2564 2590
3524 4042 2564 2591
3596 4039 2463 2592
3524 4042 2564 2593
3426 4045 2451 2594
3290 58 1912 2595
3290 58 1912 2596
3426 4045 2451 2597
3596 4039 2463 2598
3290 58 1912 2599
3524 4042 2564 2600
3524 4042 2564 2601
3524 4042 2564 2602
3426 4045 2610 2603
3524 4042 2564 2604
3290 58 1912 2605
3558 4044 2464 2606
3524 4042 2564 2607
3426 4045 2451 2608
3596 4039 2111 2609
3426 4045 2610
3524 4042 2564 2611
3426 4045 2610 2612
3524 4042 2564 2613
3290 58 1912 2614
3524 4042 2564 2615
3426 4045 2610 2616
3596 4039 2463 2617
3290 58 1912 2618
3524 4042 2564 2619
3261 4049 2025 2620
3290 58 1912 2621
3339 4041 2443 2622
3524 4042 2564 2623
3524 4042 2564 2624
3524 4042 2564 2625
3261 4049 2025 2626
3261 4049 2025 2627
3290 58 1912 2628
3596 4039 2463 2629
3524 4042 2564 2630
3524 4042 2564 2631
3290 58 1912 2632
3261 4049 2025 2633
3290 58 1912 2634
3339 4041 2443 2635
3290 58 1912 2636
3426 4045 2610 2637
3524 4042 2564 2638
3290 58 1912 2639
3290 58 1912 2640
3261 4049 2641
3261 4049 2641 2642
3596 4039 2463 2643
3596 4039 2047 2644
3290 58 1912 2645
3524 4042 2564 2646
3290 58 1912 2647
3261 4049 2025 2648
3596 4039 2463 2649
3290 58 1912 2650
3290 58 1912 2651
3426 4045 2451 2652
3596 4039 2463 2653
3524 4042 2564 2654
3524 4042 2564 2655
3290 58 1912 2656
3261 4049 2025 2657
3261 4049 2025 2658
3261 4049 2025 2659
3290 58 1912 2660
3434 2661
3415 2662
3430 2663
3426 2664
3411 2665
3426 2666
3353 2667
3380 2668
3426 2669
3423 2670
3420 3077 2671
3411 2672
3436 2673
3434 2674
3411 2675
3426 2676
3420 2677
3263 2678
3435 2679
3426 2680
3433 2681
3366 2682
3435 2683
3434 2684
3405 2685
3404 2686
3397 2687
3328 2688
3433 2689
3395 2690
3436 1684 2691
3415 3233 2692
3397 2693
3426 2694
3303 2695
3360 2696
3373 2697
3430 2698
3382 2699
3431 2700
3396 2701
3395 2702
3423 2703
3436 1684 2704
3426 2705
3426 2706
3331 2707
3434 2708
3307 2709
3426 2710
3412 2711
3434 2712
3420 2713
3409 2979 2714
3393 2715
3434 2716
3426 2717
3418 2718
3434 2719
3406 2720
3420 3077 2721
3265 2722
3383 2723
3415 2724
3302 2725
3392 2726
3374 2727
3420 2728
3435 2729
3420 2730
3400 2731
3372 2732
3434 2733
3347 2734
3418 2735
3327 2736
3298 2737
3433 2738
3420 2739
3436 1684 2740
3433 2741
3419 2742
3435 2743
3385 2744
3430 2745
3363 2746
3365 2747
3411 2748
3426 2749
3426 2750
3380 2751
3373 2962 2752
3434 2753
3433 2754
3435 2755
3433 2756
3426 2757
3412 2758
3426 2759
3432 2760
3426 2761
3385 2762
3426 2763
3361 2764
3434 2765
3413 2766
3318 2767
3409 2768
3300 2769
3434 2770
3424 2771
3411 2772
3435 2773
3436 1684 2774
3366 2775
3271 2776
3433 2777
3434 2778
3420 2779
3419 2780
3434 2781
3426 2782
3422 2783
3409 2784
3431 2785
3435 2786
3403 2787
3271 2788
3428 2789
3302 2790
3419 3136 2791
3436 1684 2792
3434 2793
3433 2794
3385 2795
3434 2796
3396 2797
3303 2798
3354 2799
3433 2800
3365 2801
3419 2802
3418 2803
3416 2804
3368 3028 2805
3430 2806
3428 2807
3347 2734 2808
3394 2809
3433 2810
3331 2811
3421 2812
3409 2813
3436 1684 2814
3426 2815
3369 2816
3436 1684 2817
3353 2818
3421 2819
3295 2820
3413 2821
3361 2822
3434 2823
3420 3077 2824
3431 2825
3361 2826
3435 2827
3434 2828
3412 2829
3434 2830
3393 2831
3353 2832
3434 2833
3423 2834
3417 2835
3424 2836
3394 2837
3436 1684 2838
3433 2839
3403 2840
3431 2841
3436 1684 2842
3402 2843
3395 2844
3403 2845
3397 2846
3341 2847
3405 2848
3434 2849
3426 2850
3430 2851
3433 3226 2852
3419 2853
3430 2854
3280 2855
3349 2856
3354 3200 2857
3404 2858
3397 2859
3415 3168 2860
3354 2861
3435 2862
3434 2863
3433 2864
3402 2865
3430 2866
3433 2867
3373 2868
3419 2869
3406 2870
3415 2871
3430 2872
3435 2873
3435 2874
3411 2875
3331 2876
3426 2877
3346 2878
3423 2879
3417 2880
3422 2881
3347 2882
3385 2883
3390 2884
3290 2885
3336 2886
3400 2887
3300 2888
3423 2889
3435 2890
3324 2891
3420 2892
3432 2893
3411 2894
3358 2895
3436 2896
3399 2897
3424 2898
3392 2899
3412 2900
3434 2901
3251 2902
3258 2903
3434 2904
3426 2905
3426 2906
3433 2907
3426 2908
3426 2909
3433 2910
3426 2911
3426 2912
3426 2913
3411 2914
3435 2915
3426 2916
3339 2917
3385 2918
3430 2919
3433 2920
3411 2921
3368 3028 2922
3411 2923
3433 2924
3426 2925
3429 2926
3433 2927
3435 2928
3435 2929
3372 2930
3435 2931
3404 2932
3368 2933
3385 2934
3274 2935
3434 2936
3434 2937
3396 2938
3434 2939
3433 2940
3361 2941
3404 2942
3433 2943
3433 2944
3435 2945
3387 2946
3331 2947
3436 2948
3336 2949
3411 2950
3421 2951
3300 3045 2952
3435 2953
3383 2954
3419 2955
3435 2956
3308 2957
3396 2958
3423 2959
3433 2960
3304 2961
3373 2962
3435 3084 2963
3374 2964
3378 2965
3435 2966
3426 2967
3343 2968
3426 2969
3434 2970
3409 2813 2971
3423 2972
3434 2973
3433 2974
3354 3105 2975
3434 2976
3435 2977
3430 2978
3409 2979
3270 2980
3400 2981
3423 2982
3368 2983
3377 2984
3426 2985
3433 2986
3387 2987
3433 2988
3434 2989
3412 2990
3434 2991
3434 2992
3435 2993
3433 2994
3397 2995
3431 2996
3368 2997
3431 3157 2998
3361 2999
3435 3000
3373 3001
3420 3002
3436 1684 3003
3426 3004
3411 3005
3434 2863 3006
3434 3007
3423 3008
3406 3009
3394 3010
3411 3011
3261 4049 3012
3397 3013
3417 3014
3373 3015
3419 3016
3434 3017
3419 3018
3415 3019
3412 3020
3434 3021
3435 3022
3414 3023
3397 3024
3435 3025
3435 3026
3403 3027
3368 3028
3435 3029
3394 3030
3436 1684 3031
3397 3032
3435 3033
3406 3034
3434 3035
3400 3036
3436 1684 3037
3434 3038
3422 3039
3426 3040
3360 3041
3428 3042
3369 3043
3426 3232 3044
3300 3045
3434 3046
3426 3047
3431 3048
3434 3049
3335 3050
3434 3051
3388 3052
3354 3053
3433 3054
3436 1684 3055
3433 3056
3432 3057
3360 3058
3300 3059
3411 3060
3405 3061
3395 3062
3368 3063
3426 3064
3433 3065
3336 3066
3327 3067
3415 3068
3397 3069
3434 3070
3436 1684 3071
3403 3072
3433 3073
3436 1684 3074
3397 3075
3434 3076
3420 3077
3435 3078
3434 3079
3400 3080
3405 3081
3434 3082
3322 3083
3435 3084
3363 3085
3420 3086
3427 3087
3298 3088
3406 3089
3435 3090
3420 3077 3091
3362 3092
3380 3093
3267 3094
3426 3095
3426 3096
3360 3097
3387 3098
3369 3099
3366 3100
3434 3101
3434 3102
3420 3103
3435 3104
3354 3105
3434 3106
3421 3107
3426 3108
3415 3109
3421 3110
3434 3111
3422 3112
3434 3113
3435 3114
3434 3115
3434 3116
3431 3117
3412 3118
3435 3119
3434 3120
3347 2734 3121
3354 3122
3430 3123
3419 3124
3420 3077 3125
3336 3126
3436 1684 3127
3336 3128
3436 3129
3300 3130
3372 3131
3434 3132
3366 3133
3380 2668 3134
3433 3135
3419 3136
3430 3137
3374 3138
3430 3139
3406 3140
3354 3141
3426 3142
3428 3153 3143
3431 3144
3422 3145
3434 3146
3436 1684 3147
3434 3148
3435 3149
3419 3150
3431 3151
3434 3152
3428 3153
3434 3154
3368 3155
3385 3156
3431 3157
3433 3158
3405 3159
3397 3160
3245 3161
3415 3162
3435 3163
3263 3164
3343 3165
3400 3166
3385 3167
3415 3168
3434 3169
3434 3170
3431 3171
3434 3172
3431 3173
3426 3174
3397 3194 3175
3420 3176
3420 3177
3415 3178
3434 3179
3372 3180
3372 3181
3434 3182
3436 1684 3183
3417 3184
3434 3185
3386 3186
3425 3187
3434 3188
3415 3189
3383 3190
3434 3191
3422 3192
3414 3193
3397 3194
3436 3195
3418 3196
3345 3197
3434 3198
3434 3199
3354 3200
3434 3201
3324 3202
3421 3203
3434 3204
3369 3205
3434 3206
3420 3207
3431 3208
3360 3209
3415 3210
3431 3211
3434 3212
3417 3213
3419 3214
3335 3215
3354 3200 3216
3302 3217
3354 3218
3415 3219
3433 3220
3389 3221
3340 3222
3420 3223
3434 3224
3422 3225
3433 3226
3324 3227
3426 3228
3392 3229
3436 1684 3230
3400 3231
3426 3232
3415 3233
3400 3234
3397 3235
3385 3236
3426 3237
3435 3238
3434 3239
3623 3645
3643 3646
3638 3647
3643 3648
3639 3649
3437 3650
3633 3651
3614 3652
3437 3653
3633 3654
3641 3655
3633 3656
3628 3657
3642 3658
3642 3659
3610 3660
3548 3661
3624 3662
3599 3663
3615 3664
3489 3665
3636 3666
3633 3667
3529 3668
3502 3669
3640 3670
3511 3671
3625 3672
3612 3673
3633 3674
3579 3675
3489 3676
3633 3677
3564 3678
3624 3679
3643 3680
3627 3681
3549 3682
3578 3683
3633 3684
3644 3685
3635 3686
3640 3687
3556 3688
3621 3689
3622 3690
3560 3691
3633 3692
3633 3693
3608 3694
3639 3695
3641 3696
3586 3697
3644 3698
3616 3699
3502 3700
3579 3701
3640 3702
3545 3703
3437 3704
3636 3705
3593 3706
3640 3707
3579 3708
3437 3709
3636 3710
3643 3711
3586 3712
3636 3713
3620 3714
3599 3715
3638 3716
3437 3717
3643 3718
3643 3719
3632 3720
3633 3721
3636 3722
3566 3723
3617 3724
3628 3725
3554 3726
3606 3727
3636 3728
3437 3729
3642 3730
3642 3731
3610 3732
3437 3733
3640 3734
3636 3735
3437 3736
3642 3737
3634 3738
3628 3739
3636 3740
3633 3741
3444 3742
3628 3743
3437 3744
3606 3745
3437 3746
3644 3747
3437 3748
3437 3749
3633 3750
3437 3751
3634 3752
3636 3753
3617 3754
3545 3755
3637 3756
3579 3757
3623 3758
3612 3759
3633 3760
3634 3761
3640 3762
3584 3763
3620 3764
3586 3765
3587 3766
3555 3767
3623 3768
3636 3769
3604 3770
3531 3771
3610 3772
3599 3773
3579 3774
3547 3775
3615 3776
3617 3777
3629 3778
3642 3779
3596 3780
3437 3781
3623 3782
3587 3783
3584 3784
3640 3785
3631 3786
3632 3787
3633 3788
3437 3789
3640 3790
3632 3791
3631 3792
3623 3793
3643 3794
3533 3795
3633 3796
3633 3797
3437 3798
3638 3799
3640 3800
3437 3801
3636 3802
3622 3803
3640 3804
3449 3805
3624 3806
3437 3807
3544 3808
3587 3809
3643 3810
3546 3811
3549 3812
3502 3813
3624 3814
3636 3815
3437 3816
3611 3817
3623 3818
3628 3819
3437 3820
3622 3821
3591 3822
3617 3823
3640 3824
3617 3825
3643 3826
3588 3827
3642 3828
3634 3829
3639 3830
3559 3831
3640 3832
3643 3833
3617 3834
3636 3835
3612 3836
3612 3837
3642 3838
3626 3839
3644 3840
3633 3841
3633 3842
3568 3843
3638 3844
3611 3845
3437 3846
3626 3847
3638 3848
3444 3849
3644 3850
3633 3851
3611 3852
3437 3853
3437 3854
3643 3855
3437 3856
3628 3857
3640 3858
3543 3859
3642 3860
3621 3861
3636 3862
3624 3863
3502 3864
3526 3865
3623 3866
3636 3867
3628 3868
3617 3869
3643 3870
3628 3871
3575 3872
3633 3873
3628 3874
3437 3875
3629 3876
3633 3877
3622 3878
3437 3879
3619 3880
3601 3881
3437 3882
3639 3883
3640 3884
3437 3885
3625 3886
3537 3887
3610 3888
3633 3889
3539 3890
3611 3891
3628 3892
3612 3893
3580 3894
3643 3895
3643 3896
3548 3897
3639 3898
3571 3899
3620 3900
3537 3901
3621 3902
3643 3903
3584 3904
3624 3905
3623 3906
3641 3907
3548 3908
3643 3909
3437 3910
3502 3911
3628 3912
3611 3913
3604 3914
3634 3915
3626 3916
3628 3917
3638 3918
3613 3919
3641 3920
3636 3921
3536 3922
3437 3923
3643 3924
3551 3925
3640 3926
3622 3927
3633 3928
3577 3929
3642 3930
3622 3931
3638 3932
3641 3933
3559 3934
3437 3935
3598 3936
3634 3937
3642 3938
3546 3939
3543 3940
3612 3941
3561 3942
3633 3943
3590 3944
3634 3945
3437 3946
3623 3947
3635 3948
3624 3949
3610 3950
3643 3951
3638 3952
3610 3953
3437 3954
3437 3955
3634 3956
3579 3957
3558 3958
3503 3959
3641 3960
3566 3961
3633 3962
3546 3963
3587 3964
3571 3965
3611 3966
3641 3967
3633 3968
3620 3969
3619 3970
3633 3971
3634 3972
3584 3973
3437 3974
3579 3975
3643 3976
3629 3977
3625 3978
3626 3979
3487 567 563 594 3980
3487 567 563 594 3980 3981
3487 567 563 594 3980 3982
3487 567 563 594 3980 3983
3487 567 563 594 3980 3984
3487 567 563 594 3980 3985
3487 567 563 594 3980 3986
3487 567 563 594 3980 3987
3487 567 563 594 3980 3988
3487 567 563 594 3989
3487 567 563 594 3980 3990
3487 567 563 594 4031 3991
3487 567 563 594 3980 3992
3487 567 563 594 3980 3993
3487 567 563 594 3980 3994
3487 567 563 594 3980 3995
3487 567 563 594 3980 3996
3487 567 563 594 3980 3997
3487 567 563 594 3980 3998
3487 567 563 594 3980 3999
3487 567 563 594 3980 4000
3487 567 563 594 3980 4001
3487 567 563 594 4031 4002
3487 567 563 594 3980 4003
3487 567 563 594 4031 4004
3487 567 563 594 3980 4005
3487 567 563 594 3980 4006
3487 567 563 594 3980 4007
3487 567 563 594 3980 4008
3487 567 563 594 3980 4009
3487 567 563 594 3980 4010
3487 567 563 594 4011
3487 567 563 594 3980 4012
3487 567 563 594 4031 4013
3487 567 563 594 3980 4014
3487 567 563 594 3980 4015
3487 567 563 594 3980 4016
3487 567 563 594 3980 4017
3487 567 563 594 3980 4018
3487 567 563 594 3980 4019
3487 567 563 594 4031 4020
3487 567 563 594 3980 4021
3487 567 563 594 3980 4022
3487 567 563 594 4031 4023
3487 567 563 594 3980 4024
3487 567 563 594 3980 4025
3487 567 563 594 3980 4026
3487 567 563 594 4031 4027
3487 567 563 594 3980 4028
3487 567 563 594 3980 4029
3487 567 563 594 3980 4030
3487 567 563 594 4031
3487 567 563 594 3980 4032
3487 567 563 594 3980 4033
3487 567 563 594 3980 4034
3487 567 563 594 3980 4035
3487 567 563 594 3980 4036
3487 567 563 594 3980 4037
3487 567 563 594 4031 4038
3596 4039
3300 4040
3339 4041
3524 4042
3417 4043
3558 4044
3426 4045
3417 4046
3596 4039 2463 2510 4047
3434 3198 4048
3261 4049

