Iteration: 1
4039 224 0
4039 224 322 1
4039 224 0 2
4040 122 3
4039 224 0 4
4040 122 5
4039 224 0 6
4039 224 322 7
4039 224 0 8
4039 224 9
4039 224 332 10
4039 224 0 11
4039 224 0 12
4044 199 13
4039 224 0 14
4039 224 0 15
4039 224 332 16
4039 224 0 17
4039 224 0 18
4039 224 0 19
4039 224 0 20
4040 122 21
4039 224 324 22
4039 224 0 23
4039 224 0 24
4039 224 25
4039 224 26
4039 224 324 27
4039 224 0 28
4044 199 252 29
4039 224 30
4040 122 31
4039 224 0 32
4039 224 0 33
4044 1545 428 34
4039 224 0 35
4040 122 284 36
4039 224 0 37
4039 224 332 38
4044 199 313 39
4039 224 40
4039 224 0 41
4039 224 0 42
4039 224 0 43
4039 224 0 44
4040 122 45
4039 224 0 46
4039 224 0 47
4044 199 48
4039 224 0 49
4044 109 50
4039 224 84 51
4039 224 0 52
4039 224 332 53
4044 199 313 54
4040 122 55
4041 56
4040 122 277 57
4039 1684 58
4041 56 59
4041 56 60
4039 224 0 61
4039 224 62
4041 56 63
4039 1684 171 64
4044 199 314 65
4040 122 66
4039 224 67
4039 224 0 68
4039 224 304 69
4039 224 0 70
4039 224 0 71
4044 199 72
4044 109 331 73
4039 224 0 74
4041 56 75
4039 224 25 76
4039 224 332 77
4039 224 0 78
4040 122 272 79
4039 224 315 80
4039 224 0 81
4044 199 82
4039 224 84 83
4039 224 84
4040 122 323 85
4039 224 0 86
4039 224 322 87
4041 56 88
4039 224 0 89
4039 224 0 90
4039 224 0 91
4039 224 0 92
4039 224 0 93
4039 224 315 94
4039 224 0 95
4039 224 96
4039 224 0 97
4044 199 98
4039 224 0 99
4040 122 323 100
4039 224 0 101
4039 224 0 102
4041 56 103
4040 122 104
4039 224 315 105
4039 224 332 106
4041 1909 107
4040 122 284 108
4044 109
4039 224 0 110
4039 224 0 111
4039 224 0 112
4044 199 113
4039 224 0 114
4039 224 0 115
4039 224 0 116
4040 122 285 117
4044 199 118
4044 199 119
4040 122 277 120
4039 224 315 121
4040 122
4040 122 123
4040 122 170 124
4040 122 169 125
4039 224 322 126
4040 122 284 127
4044 199 128
4039 224 291 129
4039 224 322 130
4039 224 0 131
4041 56 132
4039 224 133
4044 199 134
4040 122 284 135
4048 2543 136
4039 224 0 137
4039 224 0 138
4040 122 284 139
4039 224 0 140
4039 224 141
4040 122 142
4039 224 0 143
4039 224 0 144
4039 224 0 145
4044 199 313 146
4039 224 0 147
4039 224 148
4039 224 0 149
4039 224 324 150
4039 224 0 151
4039 224 0 152
4040 122 280 153
4039 224 0 154
4039 224 0 155
4040 122 156
4039 224 0 157
4044 109 158
4040 122 345 159
4039 224 0 160
4044 199 161
4039 224 0 162
4044 199 119 163
4040 122 285 164
4044 199 342 165
4039 224 0 166
4039 224 0 167
4039 224 304 168
4040 122 169
4040 122 170
4039 1684 171
4044 199 172
4039 672 414 173
4039 224 0 174
4040 122 277 175
4040 122 176
4039 224 0 177
4040 122 345 178
4039 224 0 179
4044 199 48 180
4039 224 0 181
4039 224 0 182
4039 224 133 183
4040 122 284 184
4041 56 185
4044 199 186
4040 122 5 187
4039 224 188
4039 1684 171 189
4044 109 229 190
4039 224 0 191
4039 224 0 192
4039 224 0 193
4039 224 0 194
4039 224 0 195
4040 122 285 196
4040 122 284 197
3961 567 348 198
4044 199
4039 224 200
4039 224 0 201
4039 224 0 202
4044 199 203
4040 122 277 204
4039 224 0 205
4039 224 0 206
4041 56 207
4039 224 332 208
4039 224 0 209
4039 224 0 210
4044 199 211
4044 199 212
4039 224 213
4039 224 0 214
4039 224 0 215
4039 224 0 216
4039 224 324 217
4039 224 0 218
4039 224 0 219
4039 224 0 220
4041 56 221
4044 199 222
4044 199 223
4039 224
4039 224 0 225
4039 224 0 226
4039 224 0 227
4040 122 3 228
4044 109 229
4039 224 0 230
4044 199 231
4039 224 232
4039 224 0 233
4044 199 239 234
4040 122 235
4039 224 236
4039 224 84 237
4044 199 238
4044 199 239
4044 199 222 240
4039 224 0 241
4039 224 322 242
4039 224 0 243
4039 224 0 244
4039 224 0 245
4039 224 322 246
4039 224 0 247
4040 122 248
4039 224 315 249
4039 224 322 250
4040 122 251
4044 199 252
4039 224 0 253
4039 224 0 254
4039 224 0 255
4039 224 0 256
4040 122 344 257
4040 122 323 258
4039 224 0 259
4039 224 322 260
4039 224 261
4039 224 0 262
4039 224 0 263
4039 224 0 264
4044 199 265
4039 224 0 266
4039 224 0 267
4044 199 325 268
4044 199 119 269
4044 199 203 270
4039 224 271
4040 122 272
4039 224 0 273
4040 122 274
4039 224 0 275
4039 224 276
4040 122 277
4039 224 0 278
4039 224 0 279
4040 122 280
4040 122 281
4039 224 0 282
4044 199 118 283
4040 122 284
4040 122 285
4039 224 0 286
4039 224 0 287
4044 199 288
4039 224 0 289
4041 56 290
4039 224 291
4039 224 0 292
4039 224 0 293
4040 122 277 294
4044 109 295
4039 224 0 296
4040 122 297
4044 199 298
4044 199 48 299
4039 224 0 300
4039 224 324 301
4039 224 315 302
4040 122 303
4039 224 304
4039 224 0 305
4039 224 0 306
4039 224 40 307
4041 56 334 308
4040 122 284 309
4039 224 0 310
4040 122 344 311
4039 224 0 312
4044 199 313
4044 199 314
4039 224 315
4040 122 5 316
4044 109 158 317
4041 56 334 318
4039 224 0 319
4040 122 284 320
4039 224 0 321
4039 224 322
4040 122 323
4039 224 324
4044 199 325
4039 224 0 326
4039 224 0 327
4039 224 0 328
4039 224 332 329
4044 199 48 330
4044 109 331
4039 224 332
4039 224 0 333
4041 56 334
4039 224 0 335
4041 56 88 336
4039 224 0 337
4044 199 252 338
4041 56 334 339
4039 224 324 340
4041 56 341
4044 199 342
4039 224 0 343
4040 122 344
4040 122 345
4040 122 272 346
4039 224 304 347
3961 567 348
4039 456 434 349
4031 594 563 350
3961 567 348 351
4044 525 352
4043 1881 353
4040 510 354
4040 510 355
3961 567 472 356
4031 594 563 357
3961 567 348 358
4040 510 555 359
3961 567 360
4040 510 555 361
4048 482 362
4044 1545 363
3961 567 348 364
4040 408 365
4044 366
4044 525 367
4044 525 368
4031 594 563 369
3961 567 370
3961 567 542 371
4044 525 545 372
3961 567 373
3961 567 374
4044 525 375
3961 567 376
3961 567 348 377
4048 482 378
3961 567 348 379
4044 1545 389 380
3961 567 419 381
4040 510 555 382
3961 567 387 383
3961 567 348 384
3961 567 524 385
3961 567 348 386
3961 567 387
3961 567 388
4044 1545 389
4044 366 539 390
3961 567 391
3961 567 392
3961 567 348 393
4040 408 394
3961 567 395
4040 510 396
4040 510 397
4044 525 398
3961 567 348 399
3961 567 400
3961 567 348 401
3961 567 402
4040 510 403
4044 525 404
4031 594 563 405
3961 567 387 406
4040 510 407
4040 408
4044 525 409
4040 510 555 410
3961 567 348 411
3961 567 412
3961 567 542 413
4039 672 414
4031 594 563 415
3961 567 416
3961 567 417
4040 510 418
3961 567 419
3961 567 420
4031 594 563 421
4039 672 678 422
3961 567 423
3961 567 419 424
4039 456 425
4044 525 426
4031 594 563 427
4044 1545 428
4044 366 539 429
4044 525 430
4044 525 431
4044 525 432
4040 510 433
4039 456 434
4031 594 563 435
4044 525 436
4044 525 462 437
4044 525 438
3961 567 439
4044 525 440
3961 567 348 441
4031 594 563 442
3961 567 348 443
4040 408 444
4040 408 445
4048 482 446
3961 567 348 447
3961 567 460 448
4031 594 563 449
4044 525 548 450
3961 567 451
4040 510 452
3961 567 348 453
3961 567 348 454
4040 510 455
4039 456
4031 594 563 457
4040 510 458
4031 594 563 459
3961 567 460
3961 567 461
4044 525 462
4040 408 560 463
3961 567 348 464
3961 567 465
4044 366 539 466
3961 567 348 467
3961 567 348 468
4031 594 563 469
4040 510 555 470
3961 567 471
3961 567 472
4044 525 473
4044 525 548 474
4044 1545 475
3961 567 348 476
4031 594 563 477
4048 482 496 478
4044 525 479
4031 594 563 480
4040 510 555 481
4048 482
4048 1893 483
4044 1545 484
4031 594 563 485
3961 567 419 486
4044 525 487
4040 408 488
4040 510 555 489
4044 525 548 490
4044 525 548 491
3961 567 492
4044 525 493
4039 456 494
4039 456 495
4048 482 496
3961 567 497
3961 567 373 498
3961 567 348 499
4044 525 500
3961 567 348 501
4044 525 548 502
3961 567 503
4040 510 504
3961 567 419 505
4044 525 506
4044 525 507
4031 594 563 508
4040 510 397 509
4040 510
4044 525 511
4044 525 512
3961 567 513
4044 525 514
4044 525 515
4031 594 563 516
4044 525 517
4031 594 563 518
4040 510 555 519
3961 567 520
4040 510 521
4044 366 539 522
4039 456 523
3961 567 524
4044 525
4048 1444 526
3961 567 527
4040 510 528
4044 366 539 529
3961 567 348 530
4031 594 563 531
4044 525 462 532
4040 510 533
4031 594 563 534
4048 1893 483 535
4044 525 536
3961 567 537
4044 1545 538
4044 366 539
4040 408 560 540
4031 594 563 541
3961 567 542
4031 594 563 543
4044 525 544
4044 525 545
4031 594 563 546
4040 510 555 547
4044 525 548
4031 594 563 549
3961 567 348 550
3961 567 419 551
3961 567 348 552
3961 567 553
4031 594 563 554
4040 510 555
4048 482 556
4040 510 555 557
3961 567 604 558
3961 567 559
4040 408 560
3961 567 561
4040 510 504 562
4031 594 563
3961 567 348 564
4048 482 565
3961 567 566
3961 567
4044 366 539 568
4031 594 563 569
3961 567 553 570
4040 510 504 571
3961 567 348 572
4039 672 573
4039 672 678 574
4039 672 654 575
4042 640 576
4042 640 577
4042 640 578
4039 672 654 579
4043 1881 580
4039 672 414 581
4042 640 582
4042 640 583
4039 672 678 584
4039 672 414 585
3961 567 646 586
4044 1545 651 587
4039 672 678 588
4039 672 654 589
3961 567 590
3961 567 591
4039 672 592
3961 567 566 593
4031 594
4042 640 595
4048 1893 1872 596
4039 672 654 597
4039 672 654 598
4042 640 599
4042 640 600
4044 1545 1679 601
4039 672 414 602
4039 672 654 603
3961 567 604
4039 672 678 605
4049 1548 606
4039 672 414 607
4039 672 414 608
4039 672 654 609
3961 567 610
4039 672 654 611
4039 672 678 612
4039 672 414 613
3961 567 683 614
4042 640 615
4039 672 678 616
4039 672 654 617
4039 672 678 618
4039 672 678 619
4039 672 620
4039 672 592 621
4039 672 678 622
4039 672 654 623
4039 672 414 624
4039 672 654 625
4039 672 654 626
4042 640 627
4042 640 681 628
4048 1893 629
4039 672 630
4039 672 678 631
4042 640 632
4039 672 653 633
4044 1545 651 634
4042 640 635
4039 672 678 636
4044 1545 637
4039 672 414 638
4039 672 678 639
4042 640
4043 1881 641
4039 672 414 642
4042 640 643
4039 672 654 644
3961 567 645
3961 567 646
4042 640 647
4039 672 414 648
4044 366 1694 649
4042 640 650
4044 1545 651
4048 482 556 652
4039 672 653
4039 672 654
4039 672 630 655
4043 1881 580 656
4039 672 630 657
4042 640 658
4042 640 659
4039 672 414 660
4042 640 661
4042 640 662
4039 672 630 663
4039 672 654 664
4042 640 675 665
4039 672 654 666
4031 594 667
4039 672 414 668
3961 567 645 669
4042 640 670
3961 567 645 671
4039 672
4048 482 556 673
4039 672 414 674
4042 640 675
3961 567 683 676
4039 672 654 677
4039 672 678
4039 672 678 679
4039 672 654 680
4042 640 681
4039 672 678 682
3961 567 683
4039 672 654 684
4039 672 678 685
4039 845 686
4048 828 687
4039 845 688
4039 845 686 689
4048 828 853 690
4039 845 686 691
4039 845 686 692
4048 828 693
4039 845 694
4048 760 695
4039 845 696
4048 828 697
3979 3437 698
4039 845 686 699
4039 845 815 700
4039 845 701
4039 845 686 702
4039 845 703
4048 828 848 704
4039 845 705
4048 828 706
4039 845 686 707
4048 828 708
4048 828 709
4048 828 853 710
4048 828 711
4039 845 686 712
4039 845 713
4039 845 686 714
4048 828 842 715
4039 845 849 716
4039 845 686 717
4048 828 718
4039 845 719
4048 828 781 720
4048 828 848 721
4048 828 853 722
4048 828 723
4048 828 724
4039 845 686 725
4039 845 726
4039 845 727
4048 828 728
4048 828 856 729
4039 845 849 730
4048 828 731
4039 845 686 732
4048 828 829 733
4048 760 734
4048 828 856 735
4048 828 724 736
4048 828 737
4048 760 738
4048 828 739
4048 828 817 740
4048 828 741
4048 828 829 742
4039 845 686 743
4048 828 848 744
4039 845 745
4039 845 713 746
4048 828 747
4039 845 849 748
4039 845 686 749
4039 845 770 750
4048 828 751
4048 828 752
4048 828 856 753
4048 828 754
4039 845 755
4048 828 847 756
4048 828 739 757
4039 845 849 758
4048 828 759
4048 760
4048 828 848 761
4048 828 842 762
4039 845 849 763
4048 828 764
4048 828 856 765
4048 828 766
4039 845 686 767
4039 845 719 768
4048 828 769
4039 845 770
4048 828 766 771
4039 845 772
4048 828 773
4048 828 774
4039 845 686 775
3979 3437 698 776
4039 845 830 777
4048 828 778
4048 828 779
4039 845 780
4048 828 781
4048 828 829 782
4039 845 849 783
4048 828 784
4048 828 846 785
4048 828 829 786
4039 845 849 787
4039 845 686 788
4039 845 686 789
4039 845 745 790
4039 845 686 791
4048 828 792
4039 845 849 793
4048 760 794
4048 828 853 795
4048 828 829 796
4048 828 797
4048 828 769 798
4039 845 799
4039 845 800
4039 845 686 801
4039 845 686 802
4048 828 880 803
4048 828 856 804
4048 828 805
4039 845 686 806
4048 828 807
4048 828 797 808
4048 828 827 809
4048 828 810
4048 828 856 811
4048 828 812
4039 845 799 813
4048 828 814
4039 845 815
4039 845 713 816
4048 828 817
4048 828 805 818
4048 828 819
4039 845 820
4048 828 773 821
4048 828 829 822
4048 828 823
4048 828 824
4048 828 856 825
4048 828 826
4048 828 827
4048 828
4048 828 829
4039 845 830
4048 828 853 831
4039 845 686 832
4039 845 713 833
4048 828 834
4048 828 835
4048 828 853 836
4048 828 837
4048 828 838
4039 845 686 839
4048 828 840
4039 845 686 841
4048 828 842
4048 828 824 843
4048 828 844
4039 845
4048 828 846
4048 828 847
4048 828 848
4039 845 849
4048 828 817 850
4048 828 851
4039 845 686 852
4048 828 853
4048 828 784 854
4039 845 686 855
4048 828 856
3797 857
3797 857 871 858
3979 3437 698 859
4039 1684 860
4048 828 856 861
3948 862
4048 828 856 863
4048 828 856 864
3948 862 865
3979 3437 698 866
3979 3437 698 867
3948 862 868
4048 828 856 869
3797 857 871 870
3797 857 871
3979 3437 698 872
3979 3437 698 873
3979 3437 698 874
3979 3437 698 875
4048 828 856 876
3979 3437 698 877
4048 828 856 878
3797 857 871 879
4048 828 880
3797 857 871 881
4048 828 856 882
3979 3437 698 883
3979 3437 698 884
3979 3437 698 885
3979 3437 698 886
3979 3437 698 887
4048 828 856 888
4048 828 856 889
4048 828 769 890
3979 3437 698 891
3979 3437 698 892
4048 828 856 893
3979 3437 698 894
3797 857 871 895
4048 1893 896
4042 1842 897
4042 1459 1875 898
4041 1909 107 899
3962 1085 1825 900
4049 1548 901
4039 1596 902
4049 1548 903
4039 1684 171 904
4043 1881 1692 905
4040 1663 906
4044 1845 907
3962 1085 1866 908
4043 1881 1436 909
4041 1909 107 910
4041 1909 107 911
4043 1881 1536 912
4043 1881 913
4043 1881 1897 914
4043 1881 915
4048 1835 916
4048 1893 917
4041 1909 107 918
4048 1893 1871 919
4046 1352 1860 920
4044 1845 921
4041 1909 922
4048 1835 1758 923
4042 1482 924
4041 1909 925
4048 1835 926
4048 1835 927
3962 1085 1825 928
4039 1684 1505 929
4043 1881 930
4043 1881 1910 931
4044 1845 932
4048 1893 1871 933
4048 1835 934
4043 1591 1807 935
4044 366 936
4043 1591 1106 937
4049 1548 938
4044 1545 939
4042 1482 1904 940
4048 1893 941
4048 1893 942
4043 1881 1536 943
4042 1482 1876 944
4048 1893 1406 945
4048 1835 946
4044 1845 947
4048 948
4043 1348 949
3962 1085 1687 950
4049 1305 1852 951
4042 1717 952
4042 953
4048 1893 954
4041 1909 107 955
4049 1548 956
4039 1596 957
4049 1548 958
4043 1809 959
4043 1809 960
4049 1283 961
4044 1545 962
4049 1548 963
4042 1482 964
4042 1482 1703 965
4043 1809 966
4044 1845 967
4048 1444 968
4048 1893 1894 969
4040 970
4043 1591 971
4043 1809 972
4048 1835 1883 973
4042 1482 1703 974
4039 1596 975
4044 366 976
4042 1482 977
4041 1909 978
4045 1126 1562 979
4044 1845 980
4039 1596 981
4044 1845 982
4044 1845 983
4048 1893 984
4042 1482 1634 985
4042 1482 1634 986
4043 1881 1794 987
4048 1893 988
4039 1596 1899 989
4039 3263 990
4049 1283 991
4049 1548 992
4042 993
4042 1459 994
4043 1809 995
4046 1352 1860 996
4042 1842 997
4041 1909 1722 998
4042 1842 999
4042 1482 1703 1000
4046 1352 1001
4041 1909 107 1002
4048 1835 1003
4042 1842 1004
4048 1893 1783 1005
4044 1006
4048 1893 1661 1007
4041 1909 1911 1008
4048 1893 1009
4048 1893 1828 1010
4042 1482 1011
4043 1881 1012
4048 1444 1713 1013
4048 1893 1014
4042 1459 1015
4049 1548 956 1016
4041 1909 1017
4047 1018
4039 1596 1019
4048 1893 1020
4048 1893 1021
4042 1482 1650 1022
4042 1842 1861 1023
4043 1809 1024
4044 1545 1025
4044 1845 1026
4041 1909 107 1027
4048 1835 1028
4042 1842 1029
4049 1184 1237 1030
4039 3263 1666 1031
4048 1893 1032
4040 970 1033
4049 1283 1034
4044 1545 1778 1035
4039 1596 1036
4042 1482 1037
4042 1842 1861 1038
4042 1842 1039
4043 1809 1040
4042 1482 1041
4042 1482 1876 1042
4049 1283 1384 1043
4039 1596 1044
3962 1085 1593 1045
4041 1909 107 1046
4042 1842 1047
4044 1845 1048
4044 1845 1049
3962 1085 1328 1050
4048 1444 1051
4043 1881 1052
4048 1444 1183 1053
4044 1721 1054
4039 3263 1666 1055
4042 1842 1056
4048 1893 917 1057
4039 3263 1642 1058
4048 1835 1059
4048 1893 1060
3962 1085 1687 1061
4048 1444 1062
4043 1809 1063
4039 1596 1064
4041 1909 107 1065
4048 1893 1066
4048 1893 1067
4043 1881 1068
4043 1809 1069
4042 1482 1070
4041 1909 107 1071
4042 1482 1072
4040 970 1073
4044 1845 1074
4044 1845 1075
4042 1842 1076
4041 1909 1911 1077
4044 1845 1078
4048 1835 1079
4043 1881 1080
4048 1893 1894 1081
4039 1596 1082
4043 1809 1083
4041 1909 1768 1084
3962 1085
4042 1842 1086
4049 1283 1087
3962 1085 1088
4048 1893 1783 1089
4042 1482 1703 1090
4044 1456 1091
4041 1909 1092
4048 1893 1783 1093
4044 1545 1094
4043 1881 1897 1095
4041 1909 107 1096
4049 1548 1097
3962 1085 1098
4048 1893 1099
4039 1596 1100
4044 1845 1101
4048 1893 1102
4048 1893 1850 1103
4048 1893 1104
4041 1909 107 1105
4043 1591 1106
4044 1845 1107
4048 1893 1894 1108
4042 1482 1109
4044 1845 1110
4041 1909 107 1111
4044 1721 1112
4043 1881 1113
4043 1881 1882 1114
4039 1596 1115
4044 1845 1116
4042 1842 1117
4049 1548 1118
4041 1909 107 1119
4039 1596 1120
4042 1482 1121
4042 993 1122
4044 1845 1123
4041 1909 1124
4042 1842 1125
4045 1126
4042 1482 1709 1127
4048 1835 1128
4039 1596 1129
4043 1809 1130
4043 1348 1131
4043 1809 1132
4048 1835 1590 1133
4042 1482 1709 1134
4043 1881 1135
3962 1085 1136
4049 1548 1137
4045 1126 1562 1138
4042 1482 1139
4039 3263 1666 1140
4042 1482 1709 1141
4043 1881 1142
4043 1591 1143
3962 1085 1825 1144
4041 1909 107 1145
4042 1842 1146
4048 1893 1894 1147
4039 1596 1148
4044 1845 1149
4041 1909 1150
4041 1909 1540 1151
4043 1591 1807 1152
4044 1845 1153
4043 1881 1543 1154
4044 366 1155
4044 1845 1156
4041 1909 1157
4048 1893 1158
4043 1591 1159
4042 1842 1160
4041 1909 1161
4044 1545 1831 1162
4043 1809 1163
4040 1663 1164
4049 1283 1165
4048 1893 1166
4042 1482 1876 1167
4042 1482 1472 1168
4042 1482 1169
4048 1893 1170
4039 1684 1171
4042 1842 1172
4042 1842 1173
3962 1085 1825 1174
4042 1842 1175
4043 1591 1176
4049 1283 1641 1177
3962 1085 1178
4044 1545 1179
4048 1835 1180
4044 1721 1181
4048 1835 1182
4048 1444 1183
4049 1184
4048 1835 1185
4049 1548 1186
3962 1085 1187
4042 1482 1188
4042 1482 1189
4039 1596 1190
4042 1842 1191
4048 1893 1192
3962 1085 1193
4041 1909 107 1194
4048 1835 1195
4044 1845 1196
4048 1835 1851 1197
4044 1721 1198
4044 1845 1199
4044 1545 1574 1200
4042 1842 1201
4049 1283 1858 1202
4042 1482 1847 1203
4048 1893 1204
4042 1842 1205
4041 1909 107 1206
4043 1809 1207
4041 1909 107 1208
4048 1835 1209
4044 1545 1844 1210
4044 1845 1211
4044 1545 1212
4042 1482 1869 1213
4049 1214
4048 1893 1215
4049 1548 1216
4042 1482 1217
3962 1085 1593 1218
4042 1842 1219
4049 1367 1220
4039 1596 1221
4043 1881 1222
4043 1881 1794 1223
4041 1909 107 1224
4042 1482 1876 1225
4042 1482 1226
4048 1893 1227
4042 1482 1703 1228
4039 1596 1229
4044 1845 1230
4039 1596 1231
4049 1548 1232
4041 1909 107 1233
4043 1881 1910 1234
4048 1893 1235
4042 1482 1236
4049 1184 1237
4043 1881 1238
4044 1845 1239
4039 3263 1642 1240
4042 1482 1876 1241
4048 1835 1242
4042 1842 1243
4043 1591 1244
4048 1893 1871 1245
4042 1482 1246
4043 1881 1897 1247
4049 1291 1401 1248
4044 1545 1831 1249
4044 1721 1250
3962 1085 1825 1251
4041 1909 107 1252
4041 1909 107 1253
4049 1283 1165 1254
4048 1835 1255
4048 1835 1256
4039 1596 1257
4048 1444 1258
4042 1482 1259
4042 1482 1876 1260
4048 1893 1261
4048 1835 1262
4043 1591 1263
4041 1909 107 1264
4040 1265
4039 3263 1666 1266
4048 1835 1267
4043 1881 1910 1268
4044 1845 1269
4041 1909 107 1270
4043 1809 1271
4048 1835 1272
4048 1893 1273
3962 1085 1274
4042 1482 1275
4042 1842 1791 1276
4048 1893 1277
4040 1524 1278
4039 1596 1279
4042 1842 1280
4048 1893 1281
4048 1893 1282
4049 1283
4043 1591 1284
4043 1809 1285
4048 1893 1286
4042 1287
4042 1842 1288
4042 1842 1289
4044 1845 1290
4049 1291
4039 1596 1292
4048 1835 1293
4044 1545 1844 1294
4044 1545 939 1295
4044 1545 1831 1296
4048 948 1549 1297
4040 1298
4042 1482 1299
4044 366 1300
4049 1283 1301
4048 1835 1302
4048 1893 1303
4042 1482 1876 1304
4049 1305
4043 1348 1306
3962 1085 1307
4042 1482 1703 1308
4048 1893 1309
4042 1482 1876 1310
4042 1482 1311
4048 1835 1312
4048 948 1313
4049 1548 1314
4042 1459 1315
4048 1893 1894 1316
3962 1085 1317
4043 1881 1318
4049 1548 1319
4044 1545 1320
4041 1909 1321
4039 1596 1322
4042 1842 1323
4048 1893 1324
3962 1085 1866 1325
4041 1909 107 1326
4041 1909 1327
3962 1085 1328
4044 1845 1329
4042 1842 1330
4044 1845 1331
4043 1881 1332
4049 1548 1333
4048 1835 1334
4042 1842 1335
4043 1809 1336
4041 1909 1337
4042 1482 1338
4040 1663 1339
4044 1721 1340
4044 1845 1341
4043 1881 1910 1342
4043 1881 1343
4048 1835 1344
4048 1893 1345
3962 1085 1537 1346
4048 1893 1347
4043 1348
4044 366 1349
4041 1350
4044 1845 1351
4046 1352
4041 1909 107 1353
4048 948 1660 1354
4042 1482 1876 1355
4043 1881 1356
4043 1881 1897 1357
4043 1881 1358
4048 1835 1359
3962 1085 1360
4041 1909 1361
4042 1482 1469 1362
4049 1548 1363
4043 1881 1897 1364
4042 1842 1365
4043 1591 1366
4049 1367
4041 1909 107 1368
4048 1835 1369
4043 1809 1370
4049 1548 1371
4043 1881 1910 1372
4048 1893 1373
4044 366 1374
4044 1721 1375
4042 1842 1376
4043 1881 1377
4049 1548 1378
4039 1596 1379
4043 1809 1380
4043 1591 1381
4048 1893 1382
4041 1909 1383
4049 1283 1384
4044 1545 1385
4041 1909 107 1386
4039 3263 1726 1387
4044 1845 1388
4040 1663 1389
4042 1842 1390
4044 1845 1391
4042 1459 1392
4044 1845 1393
4041 1909 107 1394
4041 1909 1395
4048 1893 1396
4044 366 1397
4044 1845 1398
4044 1845 1399
4044 1545 1400
4049 1291 1401
4043 1809 1402
4049 1548 956 1403
4039 1596 1404
4041 2869 1405
4048 1893 1406
4049 1753 1407
4044 366 1408
4044 1845 1409
3962 1085 1410
4044 1520 1411
4043 1591 1781 1412
4039 1596 1413
4048 1893 1872 1414
4042 1482 1415
4048 1835 1416
4039 1596 1899 1417
4042 1482 1904 1418
4041 1909 1419
4048 1835 1420
4049 1283 1421
4044 1845 1730 1422
4043 1591 1423
4049 1548 1424
4044 1545 1425
4048 1893 1426
4048 1893 1427
4042 1482 1428
4048 1893 1850 1429
4048 948 1660 1430
4044 1845 1431
4039 1596 1432
4040 970 1433
4046 1352 1860 1434
4042 1717 1435
4043 1881 1436
4041 1909 1437
4042 1459 1438
4041 1610 1439
4041 1909 1440
4039 3263 1666 1441
4041 1909 1471 1442
4043 1881 1910 1443
4048 1444
3962 1085 1806 1445
4048 948 1446
4042 1842 1447
4048 1893 1448
4043 1809 1449
4039 3263 1450
4048 1893 1894 1451
4049 1548 1452
4043 1881 1897 1453
4048 1893 1454
4044 1545 1455
4044 1456
4043 1809 1457
4044 1845 1458
4042 1459
4042 1842 1460
4048 1835 1758 1461
4039 1596 1462
4042 1842 1888 1463
4048 948 1464
4048 2543 1465
4041 1909 107 1466
4048 1835 1467
4049 1548 1468
4042 1482 1469
4048 1835 1470
4041 1909 1471
4042 1482 1472
4044 1545 1473
4041 1909 107 1474
4048 1893 1475
4042 953 1670 1476
4041 1909 1477
4044 1545 1478
4048 1893 1479
4043 1809 1480
4043 1591 1481
4042 1482
4042 1842 1483
4044 1845 1484
4044 1845 1485
4039 1684 1171 1486
4043 1881 1487
4044 1845 1488
4048 1893 1489
4044 366 1490
4042 1842 1491
4043 1591 1569 1492
4049 1548 1493
3962 1085 1494
4048 1893 1495
4044 1545 1496
4043 1881 1497
4044 1845 1827 1498
4045 1126 1562 1499
4048 1444 1500
4041 1909 1501
4048 1893 1502
4048 1893 1894 1503
4042 1482 1504
4039 1684 1505
4043 1881 1616 1506
4043 1348 1507
4048 1893 1508
4042 1842 1509
4044 1545 1778 1510
3962 1085 1511
4044 366 1512
4042 1842 1513
4048 1893 1514
4048 1893 1515
4048 1835 1516
4044 1845 1517
3962 1085 1518
4044 1845 1519
4044 1520
4041 1909 1521
4044 1845 1522
4048 1835 1523
4040 1524
4042 1482 1525
4044 1545 1526
4041 1909 1911 1527
4044 1845 1528
4042 1482 1529
4049 1530
4042 1482 1876 1531
4049 1184 1532
4049 1548 1533
4039 3263 1534
4042 1842 1535
4043 1881 1536
3962 1085 1537
4042 1717 1538
4048 1835 1539
4041 1909 1540
4042 1482 1541
4044 1845 1542
4043 1881 1543
4044 1845 1431 1544
4044 1545
4041 1909 107 1546
4043 1809 1547
4049 1548
4048 948 1549
4039 1596 1550
4040 1551
4049 1283 1858 1552
4049 1214 1553
4044 1845 1554
3962 1085 1555
4041 1610 1556
4044 1845 1557
4046 1352 1860 1558
4042 1842 1559
4041 1909 107 1560
4041 1909 1911 1561
4045 1126 1562
4044 1845 1563
4046 1352 1860 1564
4043 1881 1565
4043 1881 1910 1566
3962 1085 1567
4049 1548 1568
4043 1591 1569
4042 1842 1570
4040 1663 1571
4040 1524 1572
4048 1893 1573
4044 1545 1574
4041 1350 1575
4039 1596 1576
4048 2543 1577
4039 1596 1578
3962 1085 1555 1579
4042 1842 1580
4041 1909 107 1581
4048 1893 1582
4039 1596 1583
4044 1845 1584
4046 1352 1860 1585
4041 1909 107 1586
4048 1893 1587
3962 1085 1588
4044 1845 1589
4048 1835 1590
4043 1591
4042 1459 1592
3962 1085 1593
4041 1909 1594
4048 1893 1595
4039 1596
4042 1842 1597
4042 1842 1598
4048 1835 1761 1599
4048 1835 1600
4049 1548 1601
4043 1881 1882 1602
4044 1845 1603
4042 1842 1604
4043 1809 1605
4043 1881 1606
4041 1909 107 1607
4042 1842 1608
4042 1842 1609
4041 1610
4039 1596 1611
4048 1835 1612
4042 1842 1613
4044 1456 1614
4040 970 1615
4043 1881 1616
4044 1845 1617
4042 1717 1618
4043 1809 1619
4043 1881 1620
4042 1842 1621
4044 1845 1622
4041 1909 1623
4042 1482 1624
4048 948 1625
4041 1909 1626
4041 1909 107 1627
4039 1596 1628
4049 1548 1895 1629
4042 1482 1630
4044 366 1631
4048 1835 1632
4042 1482 1876 1633
4042 1482 1634
4041 1350 1635
4048 1893 1636
4044 1845 1637
4048 1893 1638
4048 1835 1639
4042 1482 1703 1640
4049 1283 1641
4039 3263 1642
4048 1835 1643
4044 1721 1644
4043 1881 1645
4043 1881 1646
4042 1459 1647
4049 1548 1648
4043 1591 1649
4042 1482 1650
4041 1909 1768 1651
4043 1809 1652
4048 1835 1653
4044 1545 1654
4043 1591 1655
4039 3263 1656
4041 1909 107 1657
4043 1881 1658
4048 1835 1659
4048 948 1660
4048 1893 1661
4044 1845 1662
4040 1663
4042 1482 1876 1664
4044 1845 1665
4039 3263 1666
4048 1893 1783 1667
4043 1809 1668
4044 1845 1669
4042 953 1670
4043 1881 1671
4042 1482 1869 1672
4044 366 1673
4048 1835 1883 1674
4043 1881 1675
3962 1085 1825 1676
4048 948 1677
4042 1717 1678
4044 1545 1679
4048 1893 1680
4042 1482 1681
4048 1893 1682
4043 1881 1683
4039 1684
4044 1845 1685
4042 1482 1876 1686
3962 1085 1687
4043 1881 1688
4042 1842 1689
4043 1881 1536 1690
4039 1596 1691
4043 1881 1692
4041 1909 107 1693
4044 366 1694
4043 1881 1695
4044 1545 1696
4041 1909 1697
4042 1482 1847 1698
4048 1444 1699
4040 1551 1700
4039 3263 1534 1701
4041 1909 1702
4042 1482 1703
4048 1893 1894 1704
3962 1085 1705
4048 1893 1706
4044 1845 1707
3962 1085 1687 1708
4042 1482 1709
4043 1809 1900 1710
4041 1909 1540 1711
4043 1809 1712
4048 1444 1713
4048 1835 1714
4043 1591 1715
4039 1596 1716
4042 1717
4048 2543 1718
3962 1085 1719
4048 1893 1720
4044 1721
4041 1909 1722
4042 1842 1723
4044 1721 1724
4042 1482 1876 1725
4039 3263 1726
4043 1881 1727
4040 1298 1728
4048 1893 1729
4044 1845 1730
4048 1835 1761 1731
4047 1018 1907 1732
4049 1548 1733
4044 1845 1734
4044 1845 1735
4044 1845 1736
4042 1717 1737
4048 1444 1738
4042 1482 1904 1739
4044 366 1740
4043 1809 1741
4048 1893 1742
4044 1545 1743
4043 1881 1882 1744
4042 1482 1770 1745
4048 1835 1746
4049 1548 1747
4043 1348 1756 1748
4042 1482 1709 1749
4048 1835 1750
4048 1893 1751
4048 1835 1752
4049 1753
4044 1845 1754
4048 1893 1347 1755
4043 1348 1756
4048 1835 1757
4048 1835 1758
4041 1909 107 1759
4042 1482 1070 1760
4048 1835 1761
4044 1545 1762
4048 948 1763
4043 1591 1764
4042 1842 1765
4043 1881 1766
4044 1545 1767
4041 1909 1768
4044 1845 1769
4042 1482 1770
4043 1881 1867 1771
4042 1842 1772
4043 1881 1773
4044 1845 1774
4044 1845 1775
4041 1909 107 1776
4031 594 563 1777
4044 1545 1778
4048 1835 1883 1779
4041 1909 1780
4043 1591 1781
4041 1909 1782
4048 1893 1783
4049 1548 1895 1784
4048 1893 1828 1785
4048 1893 1786
4049 1548 1787
4049 1283 1384 1788
4042 1717 1789
4044 366 1790
4042 1842 1791
4046 1352 1860 1792
4044 1845 1793
4043 1881 1794
4048 1835 1795
4044 1721 1796
4049 1214 1797
4049 1548 1798
4044 1845 1799
4043 1881 1800
4048 948 1801
4049 1548 1802
4049 1283 1803
4042 1842 1804
4049 1305 1805
3962 1085 1806
4043 1591 1807
4043 1881 1727 1808
4043 1809
4044 1845 1810
4042 1842 1811
4048 1893 1812
4044 1845 1813
4048 1835 1761 1814
4043 1348 1815
4048 1835 1816
4041 1909 1817
4043 1881 1897 1818
4048 1835 1819
4048 1893 1820
4045 1126 1821
4039 3263 1666 1822
4048 1835 1823
4048 1893 1824
3962 1085 1825
4042 1842 1826
4044 1845 1827
4048 1893 1828
4043 1881 1910 1829
4043 1591 1781 1830
4044 1545 1831
4043 1809 1832
4042 1842 1833
4041 1909 107 1834
4048 1835
4049 1305 1836
4049 1548 1837
3962 1085 1317 1838
4041 1909 1839
4042 1482 1703 1840
4039 1596 1841
4042 1842
4044 1845 1843
4044 1545 1844
4044 1845
4044 1520 1846
4042 1482 1847
4042 1459 1848
4042 1842 1849
4048 1893 1850
4048 1835 1851
4049 1305 1852
4044 1545 1853
4049 1214 1797 1854
4042 1482 1529 1855
3962 1085 1537 1856
4048 1893 1857
4049 1283 1858
4039 1596 1859
4046 1352 1860
4042 1842 1861
4039 1596 1862
4041 1909 1863
4044 1845 1864
4041 1909 1911 1865
3962 1085 1866
4043 1881 1867
4042 1842 1868
4042 1482 1869
4048 948 1870
4048 1893 1871
4048 1893 1872
4039 1596 1873
4041 1610 1874
4042 1459 1875
4042 1482 1876
4042 1717 1877
4048 948 1878
4042 1842 1879
4049 1548 1880
4043 1881
4043 1881 1882
4048 1835 1883
4039 1596 1884
4043 1881 1885
4043 1809 1886
4043 1591 1887
4042 1842 1888
4045 1126 1562 1889
4044 1456 1091 1890
4048 1835 1891
4049 1548 1892
4048 1893
4048 1893 1894
4049 1548 1895
4045 1126 1562 1896
4043 1881 1897
4043 1809 1898
4039 1596 1899
4043 1809 1900
4043 1881 1910 1901
4044 1845 1902
4039 1596 1903
4042 1482 1904
4044 1845 1431 1905
4042 1482 1904 1906
4047 1018 1907
4049 1283 1858 1908
4041 1909
4043 1881 1910
4041 1909 1911
4049 2641 1912
4042 2355 1913
4049 2025 1914
4047 2361 2455 1915
4039 2463 1916
4045 1917
4042 2564 1918
4049 2025 1919
4048 2543 1920
4049 2025 1921
4047 2361 2455 1922
4049 2641 1923
4041 2443 2622 1924
4042 2564 1925
4045 2610 1926
4049 2025 2659 1927
4049 2025 2620 1928
4042 2564 1929
4039 2047 1930
4049 2025 1931
4047 1932
4039 2047 2497 1933
4047 2361 1934
4049 2025 1935
4039 2047 1936
4049 2641 1912 1937
4042 2564 1938
4048 2543 1939
4039 2463 1940
4042 2564 1941
4042 2564 1942
4042 2564 1943
4045 2610 1944
4048 2543 1945
4042 2564 1946
4047 2510 1947
4048 2543 1948
4039 2047 2277 1949
4049 2025 2659 1950
4049 2025 2659 1951
4039 2111 1952
4042 2564 1953
4039 2463 1954
4047 2510 1955
4049 2641 1912 1956
4049 2025 1957
4049 2025 2659 1958
4048 2543 1959
4047 2361 1960
4047 2361 2317 1961
4042 2564 1962
4042 2564 1963
4045 2610 1964
4047 2361 1965
4042 2564 1966
4049 2641 1912 1967
4049 2025 2659 1968
4048 2543 2385 1969
4048 2183 1970
4042 2564 1971
4049 2025 1972
4049 2025 2659 1973
4049 2291 2453 1974
4047 2361 1975
4049 2025 2659 1976
4049 2291 1977
4039 2047 1978
4042 2564 1979
4049 2025 1980
4045 2451 1981
4041 2443 1982
4042 2564 1983
4039 1984
4047 1985
4042 2564 1986
4047 2510 1987
4041 2443 1988
4039 1989
4047 2361 1990
4049 2025 2657 1991
4041 2443 2622 1992
4042 2564 1993
4048 2543 1994
4049 2025 1995
4045 2610 2581 1996
4042 2564 1997
4049 2025 2657 1998
4049 2025 2633 1999
4048 2543 2472 2000
4049 2025 2001
4047 2510 2002
4039 2394 2003
4049 2025 2659 2004
4042 2564 2005
4049 2025 2659 2006
4048 2543 2007
4047 2361 2455 2008
4049 2025 2657 2009
4039 2463 2010
4049 2025 2011
4049 2025 2365 2012
4042 2355 2459 2013
4049 2025 2648 2014
4049 2641 1912 2015
4049 2025 2657 2016
4045 2610 2296 2017
4049 2025 2657 2018
4040 2499 2019
4042 2564 2020
4042 2564 2021
4049 2025 2659 2022
4047 2361 2023
4049 2025 2659 2024
4049 2025
4048 2543 2026
4049 2025 2657 2027
4048 2543 2028
4049 2062 2029
4042 2030
4042 2031
4048 2543 2032
4042 2564 2033
4049 2641 1912 2034
4047 2361 2035
4045 2610 2036
4042 2564 2037
4045 2610 2038
4048 2543 2039
4042 2564 2040
4041 2443 2313 2041
4048 2543 2042
4042 2564 2043
4040 2499 2044
4042 2564 2045
4048 2543 2046
4039 2047
4043 2289 2048
4039 2047 2049
4049 2025 2365 2050
4041 2443 2313 2051
4048 2543 2052
4048 2543 2053
4048 2543 2054
4048 2543 2055
4042 2564 2056
4039 2111 2057
4042 2564 2058
4042 2564 2059
4042 2564 2060
4049 2025 2061
4049 2062
4042 2564 2063
4043 2064
4040 2462 2065
4039 2047 2066
4042 2334 2067
4048 2543 2068
4042 2564 2069
4047 2361 2070
4048 2543 2071
4047 2510 2072
4042 2564 2073
4042 2564 2074
4045 2451 2075
4041 2443 2622 2076
4042 2564 2077
4042 2564 2078
4049 2641 1912 2079
4039 2047 2080
4048 2543 2081
4047 2361 2644 2082
4042 2564 2083
4040 2499 2084
4045 2610 2085
4042 2564 2086
4048 2543 2087
4042 2564 2088
4047 2361 2089
4042 2564 2090
4047 2361 2091
4048 2303 2092
4042 2564 2093
4049 2641 1912 2094
4042 2564 2095
4049 2062 2096
4049 2025 2097
4048 2543 2098
4047 2510 2099
4041 2443 2313 2100
4047 2510 2101
4045 2610 2102
4042 2564 2103
4048 2104
4043 2289 2260 2105
4049 2641 1912 2106
4039 2047 2107
4042 2564 2108
4042 2564 2109
4039 2394 2110
4039 2111
4042 2564 2112
4041 2443 2313 2113
4047 2361 2114
4048 2543 2115
4042 2355 2116
4049 2641 2117
4042 2564 2118
4047 2361 2119
4047 2361 2628 2120
4042 2564 2121
4042 2564 2122
4046 2123
4042 2564 2124
4048 2543 2125
4047 2361 2126
4048 2543 2127
4048 2543 2128
4047 2361 2644 2129
4049 2025 2659 2130
4042 2564 2131
4047 2510 2132
4045 2610 2133
4048 2543 2134
4048 2543 2135
4042 2564 2136
4048 2543 2137
4048 2543 2138
4042 2564 2139
4048 2543 2140
4045 2610 2141
4042 2564 2142
4048 2543 2143
4048 2543 2144
4045 2610 2145
4047 2361 2146
4041 2443 2147
4048 2543 2148
4048 2543 2149
4042 2564 2150
4048 2543 2151
4047 2361 2373 2152
4048 2543 2153
4042 2564 2154
4049 2641 2155
4049 2025 2659 2156
4049 2025 2648 2157
4047 2361 2523 2158
4049 2025 2159
4047 2361 2160
4048 2543 2161
4047 2361 2540 2162
4048 2543 2163
4040 2542 2164
4048 2543 2165
4047 2361 2166
4049 2641 1912 2167
4049 2641 1912 2168
4039 2463 2169
4041 2443 2622 2170
4049 2025 2171
4042 2564 2172
4039 2047 2173
4045 2610 2174
4043 2289 2175
4045 2610 2176
4045 2451 2177
4049 2641 1912 2178
4044 2464 2179
4048 2543 2180
4047 2361 2644 2181
4045 2610 2182
4048 2183
4042 2564 2184
4043 2289 2185
4039 2047 2186
4048 2543 2187
4040 2188
4048 2543 2189
4042 2564 2190
4048 2543 2191
4049 2025 2659 2192
4039 2047 2193
4048 2543 2194
4049 2641 1912 2195
4048 2543 2196
4047 2361 2197
4039 2463 2198
4048 2543 2199
4043 2200
4042 2564 2201
4049 2025 2202
4047 2510 2203
4049 2641 1912 2204
4039 2047 2205
4042 2564 2206
4041 2443 2622 2207
4040 2462 2208
4049 2641 2209
4042 2564 2210
4045 2610 2211
4042 2564 2212
4042 2564 2213
4049 2291 2214
4048 2543 2215
4042 2564 2216
4047 2361 2618 2217
4041 2218
4045 2610 2406 2219
4042 2564 2220
4049 2641 2221
4039 2111 2222
4048 2543 2223
4048 2543 2224
4049 2025 2225
4045 2610 2226
4039 2047 2534 2227
4047 2361 2228
4042 2564 2229
4041 2443 2313 2230
4047 2361 2231
4048 2543 2232
4049 2233
4040 2499 2234
4047 2510 2235
4047 2361 2236
4042 2564 2237
4047 2361 2238
4048 2543 2239
4042 2564 2240
4048 2543 2241
4045 2610 2242
4045 2451 2243
4042 2564 2244
4049 2641 1912 2245
4049 2641 2246
4049 2641 2247
4039 2047 2248
4039 2111 2249
4048 2543 2250
4047 2361 2644 2251
4047 2510 2509 2252
4042 2564 2253
4047 2510 2254
4049 2291 2453 2255
4049 2291 2256
4042 2564 2257
4042 2564 2258
4048 2543 2259
4043 2289 2260
4042 2564 2261
4039 2300 2262
4041 2443 2313 2263
4047 2510 2264
4049 2291 2265
4042 2564 2266
4047 2510 2267
4048 2543 2268
4049 2641 1912 2269
4049 2641 2270
4047 2271
4045 2610 2272
4039 2463 2273
4039 2111 2274
4042 2564 2275
4042 2564 2276
4039 2047 2277
4042 2564 2278
4048 2543 2279
4045 2451 2280
4049 2641 1912 2281
4048 2543 2282
4048 2543 2283
4049 2025 2659 2284
4048 2543 2285
4047 2361 2286
4040 2542 2287
4039 2300 2288
4043 2289
4042 2290
4049 2291
4048 2543 2292
4048 2543 2293
4047 2510 2294
4048 2543 2295
4045 2610 2296
4049 2025 2659 2297
4048 2543 2298
4042 2564 2299
4039 2300
4047 2361 2126 2301
4048 2543 2302
4048 2303
4047 2510 2304
4039 2111 2305
4042 2564 2306
4042 2564 2307
4047 2308
4042 2564 2309
4043 2289 2310
4040 2462 2311
4045 2610 2312
4041 2443 2313
4039 2047 2314
4048 2543 2315
4048 2543 2597 2316
4047 2361 2317
4049 2291 2318
4048 2543 2319
4041 2443 2622 2320
4045 2610 2581 2321
4045 2610 2322
4042 2564 2323
4042 2564 2324
4039 2463 2325
4042 2564 2326
4048 2543 2327
4048 2543 2328
4048 2543 2329
4047 2510 2330
4042 2564 2331
4048 2543 2332
4048 2543 2333
4042 2334
4047 2361 2335
4048 2543 2336
4049 2025 2583 2337
4048 2543 2338
4042 2564 2339
4042 2564 2340
4047 2361 2341
4047 2361 2644 2342
4044 2343
4039 2463 2344
4045 2610 2345
4049 2025 2346
4048 2543 2347
4042 2564 2348
4041 2443 2622 2349
4040 2542 2350
4048 2543 2351
4042 2564 2352
4048 2353
4042 2564 2354
4042 2355
4043 2356
4049 2025 2659 2357
4039 2047 2411 2358
4042 2564 2359
4047 2361 2488 2360
4047 2361
4045 2610 2362
4042 2564 2363
4049 2025 2364
4049 2025 2365
4043 2289 2366
4047 2510 2367
4039 2463 2368
4042 2564 2369
4039 2370
4047 2361 2371
4048 2543 2372
4047 2361 2373
4042 2564 2374
4041 2443 2313 2375
4042 2564 2376
4047 2510 2377
4049 2025 2648 2378
4039 2047 2379
4047 2361 2448 2380
4042 2564 2381
4049 2641 1912 2382
4042 2564 2383
4048 2543 2384
4048 2543 2385
4048 2543 2386
4040 2542 2387
4041 2443 2313 2388
4045 2610 2389
4045 2451 2390
4040 2542 2391
4042 2564 2392
4040 2542 2393
4039 2394
4042 2564 2395
4047 2510 2396
4047 2361 2397
4048 2543 2398
4039 2463 2399
4045 2610 2400
4041 2443 2622 2401
4047 2361 2402
4039 2047 2403
4042 2564 2404
4049 2025 2659 2405
4045 2610 2406
4042 2564 2407
4042 2564 2408
4042 2564 2409
4049 2410
4039 2047 2411
4047 2361 2628 2412
4042 2355 2413
4042 2564 2414
4039 2111 2415
4049 2641 2416
4048 2543 2417
4042 2564 2418
4049 2641 2419
4048 2543 2420
4049 2641 1912 2421
4041 2443 2313 2422
4042 2564 2423
4049 2025 2659 2424
4049 2641 2425
4047 2510 2426
4040 2499 2427
4042 2564 2428
4048 2543 2429
4042 2564 2430
4041 2443 2313 2431
4039 2394 2432
4042 2564 2433
4045 2451 2434
4049 2025 2583 2435
4048 2543 2436
4049 2641 1912 2437
4048 2543 2438
4041 2443 2313 2439
4047 2361 2440
4041 2443 2313 2441
4040 2499 2442
4041 2443
4041 2443 2622 2444
4047 2510 2445
4042 2564 2446
4049 2025 2658 2447
4047 2361 2448
4040 2499 2449
4041 2443 2313 2450
4045 2451
4045 2610 2637 2452
4049 2291 2453
4040 2542 2454
4047 2361 2455
4047 2361 2341 2456
4049 2641 1912 2457
4048 2543 2458
4042 2355 2459
4043 2460
4048 2543 2461
4040 2462
4039 2463
4044 2464
4048 2543 2465
4039 2463 2399 2466
4042 2564 2467
4042 2564 2468
4042 2564 2469
4049 2641 1912 2470
4048 2543 2471
4048 2543 2472
4048 2543 2473
4043 2289 2474
4039 2463 2475
4049 2410 2476
4042 2564 2477
4042 2564 2478
4045 2451 2479
4045 2610 2480
4049 2641 1912 2481
4042 2564 2482
4041 2443 2527 2483
4042 2564 2484
4042 2564 2485
4041 2443 2622 2486
4049 2641 1912 2487
4047 2361 2488
4042 2564 2489
4041 2443 2490
4048 2543 2491
4042 2564 2492
4049 2641 2493
4049 2025 2658 2494
4042 2564 2495
4048 2543 2496
4039 2047 2497
4045 2610 2498
4040 2499
4042 2564 2500
4048 2543 2501
4048 2543 2502
4047 2361 2503
4042 2564 2504
4049 2291 2453 2505
4048 2543 2506
4042 2564 2507
4048 2543 2508
4047 2510 2509
4047 2510
4048 2543 2511
4048 2543 2512
4041 2443 2622 2513
4042 2031 2514
4041 2443 2622 2515
4048 2543 2516
4042 2031 2517
4047 2510 2518
4048 2543 2519
4042 2564 2520
4042 2564 2521
4047 2510 2522
4047 2361 2523
4040 2499 2524
4049 2641 2525
4042 2564 2526
4041 2443 2527
4041 2443 2313 2528
4045 2610 2529
4044 2343 2530
4045 2610 2531
4040 2542 2532
4048 2543 2533
4039 2047 2534
4047 2361 2126 2535
4040 2542 2536
4048 2543 2537
4049 2025 2659 2538
4040 2542 2539
4047 2361 2540
4049 2641 1912 2541
4040 2542
4048 2543
4048 2543 2544
4039 2300 2545
4042 2564 2546
4047 2510 2547
4041 2443 2313 2548
4042 2564 2549
4042 2564 2550
4042 2564 2551
4042 2564 2552
4042 2564 2553
4042 2564 2554
4048 2543 2555
4040 2542 2556
4049 2641 2557
4047 2361 2618 2558
4042 2564 2559
4042 2564 2560
4042 2564 2561
4047 2361 2618 2562
4042 2564 2563
4042 2564
4045 2610 2581 2565
4045 2610 2566
4048 2543 2567
4045 2610 2603 2568
4049 2641 1912 2569
4047 2361 2488 2570
4039 2394 2571
4048 2543 2572
4042 2564 2573
4040 2542 2574
4042 2564 2575
4043 2460 2576
4047 2361 2628 2577
4042 2564 2578
4042 2564 2579
4039 2047 2580
4045 2610 2581
4048 2543 2582
4049 2025 2583
4041 2443 2584
4049 2025 2659 2585
4042 2564 2586
4047 2361 2455 2587
4048 2543 2588
4047 2510 2589
4042 2564 2590
4042 2564 2591
4048 2543 2592
4042 2564 2593
4048 2543 2594
4041 2443 2527 2595
4049 2641 1912 2596
4048 2543 2597
4048 2543 2598
4048 2543 2599
4042 2564 2600
4042 2564 2601
4042 2564 2602
4045 2610 2603
4042 2564 2604
4048 2543 2605
4048 2543 2606
4042 2564 2607
4048 2543 2608
4048 2543 2609
4045 2610
4042 2564 2611
4045 2610 2612
4042 2564 2613
4047 2361 2618 2614
4042 2564 2615
4045 2610 2616
4047 2510 2617
4047 2361 2618
4042 2564 2619
4049 2025 2620
4041 2443 2313 2621
4041 2443 2622
4042 2564 2623
4042 2564 2624
4042 2564 2625
4049 2025 2626
4049 2025 2627
4047 2361 2628
4048 2543 2629
4042 2564 2630
4042 2564 2631
4041 2443 2313 2632
4049 2025 2633
4047 2361 2540 2634
4041 2443 2635
4049 2025 2657 2636
4045 2610 2637
4042 2564 2638
4049 2025 2633 2639
4049 2025 2658 2640
4049 2641
4049 2641 2642
4048 2543 2643
4047 2361 2644
4049 2025 2659 2645
4042 2564 2646
4049 2025 2659 2647
4049 2025 2648
4048 2543 2649
4041 2443 2622 2650
4049 2291 2453 2651
4045 2451 2652
4047 2510 2653
4042 2564 2654
4042 2564 2655
4047 2361 2373 2656
4049 2025 2657
4049 2025 2658
4049 2025 2659
4049 2025 2659 2660
4044 3360 2661
4048 3198 2662
4045 3426 2663
4045 3426 2664
4044 3299 2665
4045 3426 2666
4039 1684 2667
4044 3321 2668
4040 2669
4039 1684 2670
4039 1684 2671
4041 2672
4045 3426 2673
4041 2869 2674
4048 3198 2675
4045 3426 2676
4039 1684 2677
4039 3263 2678
4045 3426 2679
4045 3426 2680
4039 1684 2681
4039 1684 2682
4045 3426 2683
4041 2672 2684
4039 3263 2685
4048 3198 2686
4041 2687
4039 1684 2688
4045 3426 2689
4039 1684 2690
4039 1684 2691
4039 1684 2692
4039 1684 2693
4045 3426 2694
4040 2943 2695
4044 3360 2696
4039 1684 2697
4045 3426 2698
4039 1684 2699
4039 2709 2700
4044 3298 2701
4048 3198 2702
4039 1684 2703
4039 1684 2704
4045 3426 2705
4045 3426 2706
4039 1684 2707
4044 3298 2708
4039 2709
4045 3426 2710
4048 3198 2711
4044 3321 2712
4044 3321 2713
4039 1684 2714
4039 1684 2715
4044 3360 2716
4045 3426 2717
4039 3263 2718
4044 3298 2719
4044 3321 2720
4039 1684 2721
4039 1684 2722
4039 1684 2723
4039 3263 2724
4039 1684 2725
4039 1684 2726
4039 1684 2727
4039 1684 2728
4046 3417 2729
4039 1684 2730
4039 1684 2731
4039 1684 2732
4044 3298 2733
4040 3287 2734
4039 2709 2735
4039 1684 2736
4044 3298 2737
4045 3426 2738
4039 1684 2739
4039 1684 2740
4046 3417 2741
4044 3360 2742
4046 3417 2743
4039 1684 2744
4043 3022 2745
4039 1684 2746
4039 1684 2747
4044 3360 2748
4045 3426 2749
4045 3426 2750
4042 2751
4039 1684 2752
4044 3321 2753
4045 3426 2754
4046 3417 2755
4046 3417 2756
4045 3426 2757
4048 3198 2758
4045 3426 2759
4039 3263 2760
4045 3426 2761
4039 1684 2762
4045 3426 2763
4039 3263 2764
4042 2828 2765
4039 1684 2766
4039 1684 2767
4044 3299 2768
4040 3300 2769
4039 1684 2770
4039 1684 2771
4042 2751 2772
4046 3417 2773
4039 1684 2774
4039 1684 2775
4039 1684 2776
4045 3426 2777
4042 3306 2778
4039 1684 2779
4044 3360 2780
4049 3261 2781
4045 3426 2782
4048 3198 2783
4039 1684 2784
4044 3360 2785
4045 3426 2786
4044 3321 2787
4039 1684 2788
4040 3300 2789
4039 1684 2790
4039 1684 2791
4039 1684 2792
4044 3321 2793
4046 3417 2794
4039 2709 2795
4040 3287 2796
4041 2672 2797
4039 1684 2798
4039 1684 2799
4045 3426 2800
4039 1684 2801
4039 1684 2802
4039 1684 2803
4039 1684 2804
4049 3012 2805
4046 3417 2806
4040 3300 2807
4039 1684 2808
4039 1684 2809
4046 3417 2810
4039 1684 2811
4040 3287 2812
4039 1684 2813
4039 1684 2814
4045 3426 2815
4039 1684 2816
4039 1684 2817
4049 3261 2818
4042 3306 2819
4039 1684 2820
4039 1684 2821
4039 3263 2822
4040 3287 2823
4039 1684 2824
4048 3198 2825
4039 1684 2826
4045 3426 2827
4042 2828
4039 1684 2829
4039 1684 2830
4039 1684 2831
4039 1684 2832
4044 3360 2833
4039 1684 2834
4046 3417 2835
4039 1684 2836
4039 1684 2837
4039 1684 2838
4045 3426 2839
4040 3287 2840
4042 2751 2841
4039 1684 2842
4048 3198 2843
4039 1684 2844
4044 3298 2845
4044 3360 2846
4039 3263 2847
4042 3306 2848
4044 3321 2849
4045 3426 2850
4040 3300 2851
4040 2943 2852
4041 2869 2853
4045 3426 2854
4039 1684 2855
4039 1684 2856
4039 1684 2857
4039 1684 2858
4039 3263 2859
4039 1684 2860
4039 1684 2861
4046 3417 2862
4048 3198 2863
4046 3417 2864
4039 3263 2865
4045 3426 2866
4045 3426 2867
4042 2751 2868
4041 2869
4039 1684 2870
4044 3360 2871
4045 3426 2872
4046 3417 2873
4046 3417 2874
4044 3360 2875
4042 3306 2876
4045 3426 2877
4042 2751 2878
4039 1684 2879
4046 3417 2880
4040 3287 2881
4039 1684 2882
4039 1684 2883
4039 1684 2884
4039 1684 2885
4039 1684 2886
4039 1684 2887
4040 3300 2888
4039 1684 2889
4045 3426 2890
4039 1684 2891
4044 3298 2892
4039 1684 2893
4042 3306 2894
4039 1684 2895
4045 3426 2896
4040 2943 2897
4039 1684 2898
4039 1684 2899
4039 1684 2900
4044 3360 2901
4039 1684 2902
4039 1684 2903
4044 3360 2904
4045 3426 2905
4045 3426 2906
4046 3417 2907
4044 2908
4045 3426 2909
4045 3426 2910
4045 3426 2911
4045 3426 2912
4045 3426 2913
4044 3360 2914
4046 3417 2915
4045 3426 2916
4041 3339 2917
4039 1684 2918
4045 3426 2919
4045 3426 2920
4044 3360 2921
4039 1684 2922
4039 1684 2923
4039 1684 2924
4045 3426 2925
4039 1684 2926
4045 3426 2927
4045 3426 2928
4046 3417 2929
4039 1684 2930
4045 3426 2931
4044 3299 2932
4049 3063 2933
4039 1684 2934
4049 3063 2935
4044 3298 2936
4044 3298 2937
4039 1684 2938
4041 2869 2939
4041 2940
4039 3263 2941
4039 1684 2942
4040 2943
4045 3426 2944
4046 3417 2945
4039 3263 2946
4039 1684 2947
4039 1684 2948
4049 3063 2949
4044 3360 2950
4044 3360 2951
4039 1684 2952
4046 3417 2953
4039 1684 2954
4039 1684 2955
4045 3426 2956
4039 3263 2957
4049 3261 2958
4039 1684 2959
4045 3426 2960
4039 1684 2961
4039 1684 2962
4039 1684 2963
4039 1684 2964
4044 3298 2965
4045 3426 2966
4045 3426 2967
4039 1684 2968
4045 3426 2969
4042 2828 2970
4039 1684 2971
4039 1684 2972
4044 3360 2973
4045 3426 2974
4039 1684 2975
4044 3360 2976
4039 1684 2977
4045 3426 2978
4039 1684 2979
4041 2869 2980
4041 2940 2981
4039 1684 2982
4049 3063 2983
4039 3263 2984
4045 3426 2985
4045 3426 2986
4039 1684 2987
4046 3417 2988
4044 3360 2989
4039 1684 2990
4041 2869 2991
4044 3298 2992
4045 3426 2993
4046 3417 2994
4039 1684 2995
4044 3321 2996
4049 3063 2997
4039 1684 2998
4039 3263 2999
4046 3417 3000
4039 1684 3001
4040 3287 3002
4039 1684 3003
4045 3426 3004
4040 3287 3005
4039 1684 3006
4039 1684 3007
4039 1684 3008
4039 1684 3009
4039 1684 3010
4040 3287 3011
4049 3012
4044 3360 3013
4046 3417 3014
4040 3287 3015
4041 2869 3016
4044 3299 3017
4039 1684 3018
4042 3306 3019
4039 3263 3020
4041 2869 3021
4043 3022
4040 2943 3023
4039 1684 3024
4045 3426 3025
4045 3426 3026
4048 3198 3027
4049 3063 3028
4046 3417 3029
4039 1684 3030
4039 1684 3031
4039 1684 3032
4045 3426 3033
4044 3360 3034
4044 3360 3035
4039 1684 3036
4039 1684 3037
4044 3360 3038
4040 3287 3039
4045 3426 3040
4044 3360 3041
4045 3426 3042
4044 3360 3043
4039 1684 3044
4040 3300 3045
4044 3360 3046
4045 3426 3047
4039 1684 3048
4041 2869 3049
4039 1684 3050
4044 3321 3051
4043 3022 3052
4039 1684 3053
4045 3426 3054
4039 1684 3055
4045 3426 3056
4039 3263 3057
4044 3360 3058
4040 3300 3059
4044 3360 3060
4039 3263 3061
4042 3306 3062
4049 3063
4045 3426 3064
4040 2943 3065
4039 1684 3066
4049 3261 3067
4039 1684 3068
4039 1684 3069
4048 3198 3070
4039 1684 3071
4040 3287 3072
4046 3417 3073
4039 1684 3074
4048 3198 3075
4044 3298 3076
4039 3263 3077
4045 3426 3078
4041 2672 3079
4039 1684 3080
4039 3263 3081
4044 3321 3082
4039 1684 3083
4045 3426 3084
4040 2943 3085
4039 3263 3086
4044 3321 3087
4044 3298 3088
4044 3360 3089
4045 3426 3090
4039 1684 3091
4039 1684 3092
4042 2751 3093
4039 1684 3094
4045 3426 3095
4045 3426 3096
4044 3360 3097
4041 3339 3098
4039 1684 3099
4039 1684 3100
4044 3360 3101
4042 2828 3102
4039 1684 3103
4045 3426 3104
4039 1684 3105
4044 3321 3106
4039 3263 3107
4045 3426 3108
4044 3360 3109
4039 1684 3110
4044 3298 3111
4044 3298 3112
4044 3299 3113
4045 3426 3114
4048 3198 3115
4044 3360 3116
4041 3339 3117
4040 3287 3118
4046 3417 3119
4044 3321 3120
4039 1684 3121
4039 1684 3122
4041 3339 3123
4042 2751 3124
4039 1684 3125
4039 1684 3126
4039 1684 3127
4039 1684 3128
4045 3426 3129
4040 3300 3130
4039 1684 3131
4044 3321 3132
4039 1684 3133
4039 1684 3134
4046 3417 3135
4048 3198 3136
4045 3426 3137
4039 2709 3138
4045 3426 3139
4044 3360 3140
4039 1684 3141
4045 3426 3142
4039 1684 3143
4044 3360 3144
4040 3287 3145
4048 3198 3146
4039 1684 3147
4044 3360 3148
4045 3426 3149
4044 3360 3150
4039 1684 3151
4048 3198 3152
4039 1684 3153
4044 3321 3154
4049 3063 3155
4039 1684 3156
4039 1684 3157
4046 3417 3158
4039 1684 3159
4044 3360 3160
4039 1684 3161
4042 3306 3162
4039 1684 3163
4039 3263 3164
4039 1684 3165
4041 3339 3166
4039 1684 3167
4039 1684 3168
4048 3198 3169
4044 3298 3170
4039 1684 3171
4044 3298 3172
4039 1684 3173
4045 3426 3174
4039 1684 3175
4039 1684 3176
4042 2751 3177
4039 2709 3178
4044 3298 3179
4039 1684 3180
4039 1684 3181
4044 3298 3182
4039 1684 3183
4046 3417 3184
4044 3360 3185
4039 1684 3186
4039 1684 3187
4044 3360 3188
4048 3198 3189
4039 1684 3190
4039 1684 3191
4048 3198 3192
4039 1684 3193
4044 3360 3194
4045 3426 3195
4039 1684 3196
4044 3321 3197
4048 3198
4048 3198 3199
4039 1684 3200
4044 3360 3201
4039 1684 3202
4044 3321 3203
4044 3360 3204
4039 3263 3205
4039 1684 3206
4039 1684 3207
4039 1684 3208
4044 3360 3209
4039 1684 3210
4039 2709 3211
4044 3360 3212
4046 3417 3213
4039 1684 3214
4042 2751 3215
4039 1684 3216
4039 1684 3217
4039 1684 3218
4048 3198 3219
4046 3417 3220
4039 1684 3221
4039 3263 3222
4039 1684 3223
4044 3360 3224
4040 3287 3225
4045 3426 3226
4039 1684 3227
4045 3426 3228
4040 3300 3229
4039 1684 3230
4039 1684 3231
4045 3426 3232
4039 1684 3233
4039 1684 3234
4039 1684 3235
4039 1684 3236
4045 3426 3237
4041 2940 3238
4044 3321 3239
4044 3321 3240
4039 1684 3241
4039 1684 3242
4046 3417 3243
4039 1684 3244
4039 3263 3245
4044 3321 3246
4042 2828 3247
4044 3360 3248
4039 1684 3249
4039 1684 3250
4039 1684 3251
4044 3321 3252
4048 3198 3253
4039 1684 3254
4048 3198 3255
4039 3263 3256
4045 3426 3257
4044 3360 3258
4039 3263 3259
4044 3360 3260
4049 3261
4040 3287 3262
4039 3263
4039 1684 3264
4042 2828 3265
4039 3263 3266
4044 3299 3267
4039 1684 3268
4039 1684 3269
4041 2869 3270
4039 1684 3271
4044 3360 3272
4039 1684 3273
4044 3360 3274
4039 1684 3275
4044 3299 3276
4044 3321 3277
4039 3263 3278
4039 3263 3279
4044 3360 3280
4039 1684 3281
4039 1684 3282
4039 1684 3283
4045 3426 3284
4039 1684 3285
4046 3417 3286
4040 3287
4044 3360 3288
4041 2869 3289
4039 1684 3290
4044 3360 3291
4039 1684 3292
4045 3426 3293
4043 3022 3294
4039 1684 3295
4044 3321 3296
4041 2869 3297
4044 3298
4044 3299
4040 3300
4045 3426 3301
4044 3321 3302
4045 3426 3303
4039 1684 3304
4039 1684 3305
4042 3306
4039 2709 3307
4039 3263 3308
4039 1684 3309
4039 1684 3310
4039 1684 3311
4039 1684 3312
4039 1684 3313
4039 1684 3314
4039 1684 3315
4039 1684 3316
4039 1684 3317
4039 1684 3318
4044 3321 3319
4044 3360 3320
4044 3321
4039 1684 3322
4039 1684 3323
4045 3426 3324
4039 1684 3325
4039 1684 3326
4044 3321 3327
4044 3298 3328
4039 1684 3329
4048 3198 3330
4042 3306 3331
4044 3298 3332
4039 1684 3333
4039 1684 3334
4044 3360 3335
4039 1684 3336
4048 3198 3337
4039 1684 3338
4041 3339
4044 3299 3340
4039 1684 3341
4044 3321 3342
4039 1684 3343
4044 3321 3344
4044 3360 3345
4039 1684 3346
4048 3198 3347
4045 3426 3348
4044 3360 3349
4044 3360 3350
4044 3360 3351
4044 3360 3352
4044 3360 3353
4039 1684 3354
4044 3321 3355
4039 1684 3356
4044 3360 3357
4039 1684 3358
4039 1684 3359
4044 3360
4039 1684 3361
4045 3426 3362
4045 3426 3363
4046 3417 3364
4044 3321 3365
4039 1684 3366
4039 1684 3367
4049 3063 3368
4039 1684 3369
4039 1684 3370
4039 1684 3371
4039 1684 3372
4039 1684 3373
4039 1684 3374
4039 1684 3375
4039 1684 3376
4040 3287 3377
4044 3298 3378
4048 3198 3379
4044 3321 3380
4044 3298 3381
4039 1684 3382
4039 1684 3383
4046 3417 3384
4048 3198 3385
4044 3360 3386
4045 3426 3387
4039 1684 3388
4039 1684 3389
4040 2669 3390
4044 3321 3391
4045 3426 3392
4048 3198 3393
4045 3426 3394
4048 3198 3395
4044 3298 3396
4044 3360 3397
4039 3263 3398
4041 2940 3399
4041 3339 3400
4039 1684 3401
4039 1684 3402
4044 3299 3403
4039 1684 3404
4039 3263 3405
4044 3360 3406
4039 1684 3407
4039 1684 3408
4039 1684 3409
4039 1684 3410
4048 3198 3411
4039 1684 3412
4039 1684 3413
4039 1684 3414
4044 3360 3415
4041 2869 3416
4046 3417
4039 1684 3418
4048 3198 3419
4039 1684 3420
4044 3321 3421
4044 3321 3422
4039 1684 3423
4039 1684 3424
4039 1684 3425
4045 3426
4039 1684 3427
4039 1684 3428
4039 1684 3429
4045 3426 3430
4044 3360 3431
4039 1684 3432
4046 3417 3433
4044 3360 3434
4046 3417 3435
4039 1684 3436
3979 3437
3971 3438
3932 3439
3971 3440
3949 3441
3977 3442
3972 3443
3904 3444
3868 3445
3863 3446
3894 3447
3966 3448
3971 3449
3930 3450
3979 3437 3451
3966 3452
3979 3437 3453
3880 3454
3921 3455
3971 3456
3944 3457
3969 3458
3945 3459
3972 3460
3968 3461
3966 3462
3951 3463
3956 3464
3975 3465
3972 3466
3830 3467
3956 3468
3972 3469
3876 3470
3971 3471
3850 3472
3917 3473
3967 3474
3971 3475
3975 3476
3847 3477
3967 3478
3919 3479
3971 3480
3919 3481
3901 3482
3937 3483
3971 3484
3966 3485
3976 3486
3961 3487
3966 3488
3825 3489
3905 3490
3971 3491
3930 3492
3969 3493
3705 3494
3978 3495
3861 3496
3966 3497
3921 3498
3947 3499
3967 3500
3971 3501
3911 3502
3959 3503
3839 3504
3936 3505
3969 3506
3927 3507
3933 3508
3951 3509
3945 3510
3909 3511
3929 3512
3952 3513
3966 3514
3958 3515
3919 3516
3948 3517
3938 3518
3975 3519
3971 3520
3962 3521
3979 3522
3919 3523
4042 3524
3970 3525
3865 3526
3966 3527
3938 3528
3972 3529
3925 3530
3949 3531
3956 3532
3948 3533
3937 3534
3927 3535
3922 3536
3901 3537
3917 3538
3904 3539
3971 3540
3912 3541
3966 3542
3940 3543
3888 3544
3971 3545
3963 3546
3950 3547
3948 3548
3905 3549
3971 3550
3961 3551
3886 3552
3936 3553
3972 3554
3956 3555
3971 3556
3938 3557
4044 3558
3944 3559
3830 3560
3964 3561
3919 3562
3968 3563
3927 3564
3756 3565
3961 3566
3917 3567
3973 3568
3969 3569
3979 3437 3570
3975 3571
3869 3572
3966 3573
3891 3574
3872 3575
3966 3576
3968 3577
3938 3578
3975 3579
3905 3580
3898 3581
3752 3582
3931 3583
3976 3584
3949 3585
3971 3586
3967 3587
3862 3588
3979 3592 3589
3944 3590
3951 3591
3979 3592
3951 3593
3898 3594
3917 3595
4039 3596
3962 3521 3597
3936 3598
3921 3599
3861 3600
3906 3601
3972 3602
3838 3603
3966 3604
3948 3605
3745 3606
3933 3607
3921 3608
3968 3609
3979 3610
3971 3611
3945 3612
3919 3613
3945 3614
3921 3615
3932 3616
3931 3617
3971 3618
3970 3619
3969 3620
3902 3621
3931 3622
3947 3623
3949 3624
3978 3625
3979 3626
3824 3627
3962 3628
3977 3629
3945 3630
3903 3631
3918 3632
3971 3633
3972 3634
3948 3635
3921 3636
3756 3637
3952 3638
3898 3639
3938 3640
3967 3641
3938 3642
3976 3643
3850 3644

