Iteration: 1
1684 171 0
2018 136 322 1
1684 171 0 2
2018 136 122 3
1684 171 0 4
2018 136 315 5
1684 171 0 6
2018 136 7
1684 171 0 8
2018 136 322 9
2018 136 285 10
1684 171 0 11
1684 171 0 12
2018 136 304 13
1684 171 0 14
1684 171 0 15
1684 171 0 16
1684 171 0 17
1684 171 0 18
1684 171 0 19
1684 171 0 20
2018 136 21
2018 136 339 22
1684 171 0 23
1684 171 0 24
2018 136 322 25
2018 136 322 26
2018 136 324 27
1684 171 0 28
1684 171 0 29
2018 136 322 30
2018 136 339 31
1684 171 0 32
1684 171 0 33
1912 428 34
1684 171 0 35
1684 171 0 36
1684 171 0 37
2018 136 339 38
1684 171 119 39
2018 136 322 40
1684 171 0 41
1684 171 0 42
1684 171 0 43
1684 171 0 44
2018 136 322 45
1684 171 0 46
1684 171 0 47
2018 136 322 48
1684 171 0 49
2018 136 146 50
1684 171 0 51
1684 171 0 52
2018 136 322 53
1684 171 119 54
2018 136 122 55
2018 136 56
2018 136 213 57
1912 58
2018 136 56 59
2018 136 322 60
1684 171 0 61
2018 136 322 62
2018 136 56 63
1684 171 64
2018 136 339 65
2018 136 308 66
2018 136 67
1684 171 0 68
2018 136 304 69
1684 171 0 70
1684 171 0 71
2018 136 67 72
1684 171 0 73
1684 171 0 74
2018 136 322 75
1684 171 0 76
1684 171 0 77
1684 171 0 78
1684 171 119 79
2018 136 315 80
1912 58 269 81
2018 136 169 82
1684 171 0 83
2018 136 304 84
2018 136 322 85
1684 171 0 86
2018 136 87
2018 136 322 88
1684 171 0 89
1684 171 0 90
1684 171 0 91
1684 171 0 92
1684 171 0 93
2018 136 315 94
1684 171 0 95
1989 4039 224 96
1684 171 0 97
2018 136 315 98
1684 171 0 99
1912 58 269 100
1684 171 0 101
1684 171 0 102
2018 136 103
2018 136 322 104
2018 136 315 105
2018 136 169 106
1911 107
2018 136 21 108
2018 136 324 109
1684 171 0 110
1684 171 0 111
1684 171 0 112
2018 136 304 113
1684 171 0 114
1684 171 0 115
1684 171 0 116
2018 136 285 117
2018 136 324 118
1684 171 119
2018 136 120
2018 136 315 121
2018 136 122
2018 136 122 123
1684 171 0 124
2018 136 125
2018 136 322 126
2018 136 21 127
2018 136 322 128
2018 136 339 129
2018 136 322 130
1684 171 0 131
2018 136 315 132
2018 136 322 133
2018 136 304 134
1684 171 0 135
2018 136
1684 171 0 137
1684 171 0 138
1684 171 0 139
1684 171 0 140
2018 136 304 141
2018 136 322 142
1684 171 0 143
1684 171 0 144
1684 171 0 145
2018 136 146
1684 171 0 147
2018 136 339 148
1684 171 0 149
1684 171 150
1684 171 0 151
2018 136 339 152
1684 171 0 153
1684 171 0 154
1684 171 0 155
2018 136 156
1684 171 0 157
2018 136 339 158
2018 136 21 159
1684 171 0 160
2018 136 339 161
1684 171 0 162
1694 649 173 163
2018 136 285 164
2018 136 169 165
1694 649 173 166
1684 171 0 167
2018 136 339 168
2018 136 169
2018 136 322 170
1684 171
2018 136 308 172
1694 649 173
1684 171 0 174
1684 171 0 175
2018 136 122 176
1684 171 0 177
2018 136 322 178
1684 171 0 179
1684 171 0 180
1684 171 0 181
1684 171 0 182
1684 171 0 183
2018 136 21 184
2018 136 322 185
2018 136 322 186
1684 171 0 187
2018 136 322 188
1684 171 189
1684 171 0 190
1684 171 0 191
1684 171 0 192
1684 171 0 193
1684 171 0 194
1684 171 0 195
2018 136 285 196
2018 136 21 197
1967 563 549 198
2018 136 324 199
2018 136 324 200
1684 171 0 201
1694 649 173 202
2018 136 324 203
2018 136 213 204
1684 171 0 205
1684 171 0 206
2018 136 322 207
2018 136 285 208
1684 171 0 209
1684 171 0 210
2018 136 315 211
2018 136 304 212
2018 136 213
1684 171 0 214
1684 171 0 215
1684 171 0 216
1684 171 217
1684 171 0 218
1684 171 0 219
1684 171 0 220
2018 136 322 221
2018 136 56 222
2018 136 315 223
1989 4039 224
1684 171 0 225
1684 171 0 226
1684 171 0 227
1684 171 0 228
1684 171 119 229
1684 171 0 230
2018 136 315 231
2018 136 322 232
1684 171 0 233
1684 171 0 234
2018 136 156 235
2018 136 322 236
1684 171 0 237
2018 136 324 238
2018 136 322 239
1684 171 0 240
1684 171 0 241
2018 136 322 242
1684 171 0 243
1684 171 0 244
1684 171 0 245
2018 136 246
2018 136 120 247
2018 136 169 248
2018 136 315 249
2018 136 322 250
2018 136 122 251
2018 136 324 252
1684 171 0 253
1684 171 0 254
1684 171 0 255
1684 171 0 256
2018 136 322 257
2018 136 156 258
1684 171 0 259
2018 136 339 260
2018 136 285 261
1684 171 0 262
1684 171 0 263
1684 171 0 264
2018 136 67 265
1684 171 0 266
1684 171 0 267
1684 171 0 268
1912 58 269
1684 171 0 270
2018 136 322 271
2018 136 304 272
1684 171 0 273
2018 136 122 274
1684 171 0 275
2018 136 322 276
2018 136 339 277
1684 171 0 278
1684 171 0 279
2018 136 322 280
2018 136 122 281
1684 171 0 282
1684 171 0 283
2018 136 122 284
2018 136 285
1684 171 0 286
1684 171 0 287
2018 136 315 288
1684 171 0 289
2018 136 322 290
2018 136 339 291
1684 171 0 292
1684 171 0 293
1684 171 0 294
2018 136 156 295
1684 171 0 296
2018 136 324 297
2018 136 56 298
1684 171 0 299
1684 171 0 300
2018 136 324 301
2018 136 315 302
2018 136 322 303
2018 136 304
1684 171 0 305
1684 171 0 306
1684 171 0 307
2018 136 308
1684 171 0 309
1684 171 0 310
1684 171 0 311
1684 171 0 312
2018 136 339 313
1684 171 0 314
2018 136 315
1684 171 0 316
2018 136 146 317
2018 136 169 318
1684 171 0 319
1684 171 0 320
1684 171 0 321
2018 136 322
2018 136 322 323
2018 136 324
2018 136 304 325
1684 171 0 326
1684 171 0 327
1684 171 0 328
2018 136 324 329
1684 171 0 330
2018 136 324 331
2018 136 324 332
1684 171 0 333
2018 136 339 334
1684 171 0 335
1684 171 0 336
1684 171 0 337
2018 136 308 338
2018 136 339
2018 136 339 340
2018 136 322 341
2018 136 322 342
1684 171 0 343
2018 136 122 344
2018 136 322 345
1684 171 0 346
2018 136 339 347
1901 1025 348
1967 563 534 349
1967 563 350
1901 1025 348 351
1878 538 352
1882 353
1897 376 354
1882 475 355
1901 1025 348 356
1967 563 357
1901 1025 348 358
1882 475 359
1912 428 360
1882 475 361
1912 428 570 362
1844 363
1901 1025 348 364
1967 563 556 365
1882 366
1844 566 367
1878 538 368
1967 563 369
1844 566 370
1897 606 542 371
1912 428 570 372
1882 651 373
1844 566 374
1878 538 375
1897 376
1901 1025 348 377
1882 651 378
1901 1025 348 379
1770 389 380
1770 389 381
1882 475 555 382
1870 517 387 383
1967 563 350 384
1907 483 385
1901 1025 348 386
1870 517 387
1844 566 388
1770 389
1882 475 390
1901 637 391
1844 566 392
1901 1025 348 393
1679 601 394
1901 637 395
1882 475 396
1967 563 397
1878 538 398
1901 1025 348 399
1882 651 400
1901 1025 348 401
1844 566 402
1882 475 403
1844 566 404
1967 563 405
1870 517 387 406
1967 563 407
1878 538 408
1878 538 409
1882 475 410
1901 1025 348 411
1882 580 412
1897 376 413
1882 651 414
1967 563 415
1967 563 416
1844 566 417
1882 475 418
1878 538 419
1692 420
1967 563 421
1679 601 422
1882 651 423
1770 389 424
1967 563 425
1967 563 426
1967 563 427
1912 428
1882 366 539 429
1844 566 430
1882 651 431
1844 566 432
1967 563 433
1882 580 434
1967 563 435
1882 651 436
1870 517 463 437
1882 651 438
1844 566 439
1878 538 440
1901 1025 348 441
1967 563 442
1901 1025 348 443
1878 538 444
1878 538 560 445
1870 517 446
1901 1025 348 447
1844 566 460 448
1967 563 449
1882 475 450
1967 563 451
1844 566 452
1901 1025 348 453
1901 1025 348 454
1967 563 455
1989 4039 456
1967 563 457
1882 475 458
1967 563 459
1844 566 460
1897 606 461
1878 538 462
1870 517 463
1967 563 427 464
1679 601 465
1882 366 539 466
1901 1025 348 467
1901 1025 348 468
1967 563 469
1882 475 555 470
1844 566 471
1882 651 567 472
1907 483 473
1882 475 474
1882 475
1901 1025 348 476
1967 563 477
1967 563 534 478
1878 538 479
1967 563 480
1882 475 481
1870 517 482
1907 483
1897 484
1967 563 485
1770 389 486
1878 538 487
1870 517 488
1882 475 489
1882 475 490
1882 475 491
1882 651 492
1844 566 493
1878 538 494
1912 428 570 495
1882 641 496
1844 566 497
1882 651 373 498
1901 1025 348 499
1882 651 500
1901 1025 348 501
1882 475 502
1844 566 503
1967 563 504
1770 389 505
1897 606 506
1844 566 507
1967 563 508
1770 389 509
1967 563 510
1844 566 511
1878 538 512
1882 651 513
1882 580 514
1882 641 515
1967 563 516
1870 517
1967 563 518
1882 475 519
1967 563 520
1882 475 521
1967 563 546 522
1967 563 523
1882 651 524
1844 566 525
1882 526
1878 538 527
1967 563 528
1882 366 539 529
1882 475 361 530
1967 563 531
1878 538 462 532
1967 563 510 533
1967 563 534
1907 483 535
1878 538 536
1844 566 537
1878 538
1882 366 539
1882 353 540
1967 563 541
1897 606 542
1967 563 543
1882 580 544
1844 566 545
1967 563 546
1882 475 547
1882 475 548
1967 563 549
1901 1025 348 550
1770 389 551
1967 563 350 552
1844 566 553
1967 563 554
1882 475 555
1967 563 556
1907 483 557
1912 428 558
1882 651 559
1878 538 560
1882 651 561
1967 563 504 562
1967 563
1901 1025 348 564
1882 475 565
1844 566
1882 651 567
1967 563 541 568
1967 563 569
1912 428 570
1967 563 504 571
1901 1025 348 572
1872 596 677 573
1872 596 574
1882 641 630 575
1882 651 414 576
1882 651 414 577
1882 651 414 578
1872 596 677 579
1882 580
1882 651 414 581
1882 651 414 582
1882 651 414 583
1901 637 584
1882 651 414 585
1897 376 586
1882 651 587
1901 637 678 588
1872 596 589
1679 601 644 590
1882 651 591
1901 637 678 592
1844 566 593
1967 563 594
1882 651 414 595
1872 596
1872 596 677 597
1872 596 677 598
1882 651 414 599
1882 651 414 600
1679 601
1882 651 414 602
1872 596 677 603
1882 651 604
1901 637 678 605
1897 606
1882 651 414 607
1882 651 414 608
1679 601 609
1897 376 610
1872 596 677 611
1901 637 678 612
1882 651 414 613
1901 637 614
1882 651 414 615
1872 596 616
1872 596 677 617
1872 596 618
1901 637 678 619
1872 596 620
1872 596 663 621
1901 637 678 622
1872 596 677 623
1882 651 414 624
1872 596 677 625
1872 596 677 626
1882 651 414 627
1882 651 414 628
1893 629
1882 641 630
1901 637 679 631
1882 651 414 632
1872 596 653 633
1882 651 634
1882 651 436 635
1901 637 678 636
1901 637
1882 651 414 638
1901 637 639
1882 651 414 640
1882 641
1882 651 414 642
1882 651 414 643
1679 601 644
1882 651 645
1882 651 646
1882 651 634 647
1882 651 414 648
1694 649
1882 651 414 650
1882 651
1897 376 652
1872 596 653
1882 651 683 654
1872 596 655
1882 580 656
1872 596 655 657
1882 651 414 658
1882 651 414 659
1872 596 616 660
1882 651 414 661
1882 651 414 662
1872 596 663
1872 596 653 664
1882 651 414 665
1872 596 653 666
1912 428 667
1882 651 414 668
1901 637 669
1882 651 414 670
1907 483 671
1989 4039 672
1897 376 673
1882 651 414 674
1882 651 414 675
1844 566 676
1872 596 677
1901 637 678
1901 637 679
1872 596 677 680
1882 651 414 681
1901 637 679 682
1882 651 683
1872 596 677 684
1901 637 678 685
1989 4039 845 686
1684 860 698 856 687
1989 4039 845 688
1989 4039 845 686 689
1989 4039 845 820 690
1989 4039 845 686 691
1989 4039 845 686 692
1989 4039 845 828 693
1989 4039 845 694
1684 860 698 840 695
1989 4039 845 696
1684 860 698 697
1684 860 698
1989 4039 845 686 699
1989 4039 845 815 700
1989 4039 845 701
1989 4039 845 686 702
1989 4039 845 703
1989 4039 845 799 704
1989 4039 845 705
1989 4039 845 828 706
1989 4039 845 686 707
1684 860 698 708
1684 860 698 840 709
1684 860 698 810 710
1989 4039 845 828 711
1989 4039 845 686 712
1989 4039 845 713
1989 4039 845 686 714
1684 860 698 805 715
1989 4039 845 849 716
1684 860 698 798 717
1989 4039 845 828 718
1989 4039 845 719
1684 860 698 803 720
1989 4039 845 713 721
1989 4039 845 820 722
1989 4039 845 849 723
1989 4039 845 830 724
1989 4039 845 686 725
1989 4039 845 726
1989 4039 845 727
1684 860 698 856 728
1684 860 698 729
1989 4039 845 849 730
1989 4039 845 830 731
1989 4039 845 686 732
1989 4039 845 719 733
1989 4039 845 849 734
1684 860 698 856 735
1989 4039 845 713 736
1989 4039 845 830 737
1684 860 698 805 738
1684 860 698 840 739
1989 4039 845 770 740
1989 4039 845 828 741
1989 4039 845 713 742
1989 4039 845 686 743
1989 4039 845 686 744
1989 4039 845 745
1989 4039 845 713 746
1684 860 698 747
1989 4039 845 849 748
1989 4039 845 686 749
1989 4039 845 770 750
1989 4039 845 830 751
1989 4039 845 830 752
1684 860 698 753
1684 860 698 840 754
1989 4039 845 755
1684 860 698 805 756
1989 4039 845 686 757
1989 4039 845 849 758
1989 4039 845 828 759
1989 4039 845 830 760
1684 860 698 805 761
1684 860 698 810 762
1989 4039 845 849 763
1989 4039 845 828 764
1684 860 698 856 765
1989 4039 845 849 766
1989 4039 845 686 767
1989 4039 845 719 768
1684 860 698 769
1989 4039 845 770
1989 4039 845 688 771
1989 4039 845 772
1989 4039 845 828 773
1684 860 698 774
1989 4039 845 686 775
1684 860 698 776
1989 4039 845 830 777
1989 4039 845 830 778
1684 860 698 840 779
1989 4039 845 780
1989 4039 845 849 781
1684 860 698 804 782
1989 4039 845 849 783
1989 4039 845 828 784
1989 4039 845 686 785
1989 4039 845 686 786
1989 4039 845 849 787
1989 4039 845 686 788
1989 4039 845 686 789
1989 4039 845 745 790
1989 4039 845 686 791
1989 4039 845 830 792
1989 4039 845 849 793
1989 4039 845 745 794
1989 4039 845 820 795
1989 4039 845 686 796
1989 4039 845 849 797
1684 860 698 798
1989 4039 845 799
1989 4039 845 800
1989 4039 845 686 801
1989 4039 845 686 802
1684 860 698 803
1684 860 698 804
1684 860 698 805
1989 4039 845 686 806
1684 860 698 856 807
1989 4039 845 755 808
1989 4039 845 755 809
1684 860 698 810
1684 860 698 811
1989 4039 845 828 812
1989 4039 845 799 813
1989 4039 845 828 814
1989 4039 845 815
1989 4039 845 713 816
1989 4039 845 830 817
1684 860 698 805 818
1684 860 698 819
1989 4039 845 820
1989 4039 845 726 821
1989 4039 845 686 822
1684 860 698 823
1989 4039 845 849 824
1684 860 698 825
1989 4039 845 830 826
1989 4039 845 849 827
1989 4039 845 828
1989 4039 845 828 829
1989 4039 845 830
1989 4039 845 820 831
1684 860 698 803 832
1989 4039 845 713 833
1989 4039 845 830 834
1989 4039 845 828 835
1989 4039 845 755 836
1684 860 698 840 837
1684 860 698 856 838
1989 4039 845 686 839
1684 860 698 840
1989 4039 845 686 841
1989 4039 845 828 842
1684 860 698 823 843
1989 4039 845 830 844
1989 4039 845
1989 4039 845 830 846
1989 4039 845 830 847
1684 860 698 840 848
1989 4039 845 849
1989 4039 845 713 850
1989 4039 845 828 851
1684 860 698 798 852
1989 4039 845 830 853
1989 4039 845 727 854
1684 860 698 798 855
1684 860 698 856
1866 1085 3797 857
1684 860 698 858
1684 860 698 859
1684 860
1684 860 698 861
1866 1085 862
1684 860 698 863
1684 860 698 864
1866 1085 862 865
1684 860 698 866
1684 860 698 867
1866 1085 862 868
1684 860 698 869
1684 860 698 870
1684 860 698 871
1684 860 698 872
1684 860 698 873
1684 860 698 874
1684 860 698 875
1684 860 698 876
1684 860 698 877
1684 860 698 878
1684 860 698 879
1684 860 698 880
1684 860 698 881
1684 860 698 882
1684 860 698 883
1684 860 698 884
1684 860 698 885
1684 860 698 886
1684 860 698 887
1684 860 698 888
1684 860 698 889
1684 860 698 890
1684 860 698 891
1684 860 698 892
1684 860 698 893
1684 860 698 894
1684 860 698 895
1903 896
1888 897
1875 898
1911 107 899
1825 900
1895 901
1899 902
1895 903
1684 171 904
1692 905
1891 906
1845 907
1866 908
1889 909
1808 910
1911 107 911
1808 912
1910 913
1897 914
1897 915
1902 916
1907 917
1911 107 918
1871 919
1860 920
1891 921
1909 922
1758 923
1906 924
1909 925
1835 926
1888 927
1825 928
1838 929
1882 930
1910 931
1902 932
1871 933
1902 934
1807 935
1882 936
1785 937
1895 938
1910 939
1906 940
1907 941
1907 942
1906 1536 943
1876 944
1704 945
1902 946
1888 947
1881 948
1831 949
1687 950
1852 951
1888 952
1902 953
1893 954
1788 955
1889 956
1899 957
1895 958
1898 959
1898 960
1852 961
1910 962
1895 963
1904 964
1703 965
1902 966
1891 967
1897 968
1894 969
1866 970
1871 971
1900 972
1883 973
1703 974
1903 975
1882 976
1831 977
1909 978
1889 979
1902 980
1899 981
1898 982
1898 983
1894 984
1840 985
1634 986
1794 987
1899 988
1899 989
1726 990
1846 991
1895 992
1902 993
1818 994
1868 995
1860 996
1902 997
1722 998
1888 999
1840 1000
1844 1001
1890 1002
1888 1003
1888 1004
1783 1005
1902 1006
1661 1007
1911 1008
1903 1009
1828 1010
1904 1011
1886 1012
1777 1013
1907 1014
1903 1015
1889 1016
1909 1017
1907 1018
1899 1019
1894 1020
1903 1021
1650 1022
1861 1023
1902 1024
1901 1025
1902 1026
1890 1027
1888 1028
1902 1029
1788 1030
1666 1031
1907 1032
1908 1033
1911 1283 1034
1778 1035
1899 1036
1904 1037
1861 1038
1898 1039
1902 1040
1904 1041
1876 1042
1896 1043
1884 1044
1788 1045
1911 107 1046
1911 1047
1888 1048
1888 1049
1905 1050
1876 1051
1897 1052
1896 1053
1861 1054
1905 1055
1902 1056
1664 1057
1642 1058
1891 1059
1903 1060
1687 1061
1896 1062
1900 1063
1910 1064
1739 1065
1907 1066
1893 1067
1898 1068
1900 1069
1904 1070
1858 1202 1071
1904 1072
1908 1073
1902 1074
1888 1075
1888 1076
1911 1077
1902 1078
1888 1079
1902 1080
1894 1081
1903 1082
1902 1083
1768 1084
1866 1085
1907 1086
1838 1087
1866 1088
1783 1089
1749 1090
1890 1091
1909 1092
1783 1093
1910 1094
1897 1095
1911 107 1096
1895 1097
1806 1098
1907 1099
1899 1100
1902 1101
1894 1102
1850 1103
1903 1104
1890 1105
1785 1106
1902 1107
1894 1108
1904 1109
1911 1110
1788 1111
1888 1112
1882 1113
1882 1114
1899 1115
1864 1116
1902 1117
1895 1118
1911 107 1119
1899 1120
1847 1121
1882 1122
1911 1123
1911 1124
1902 1125
1909 1126
1840 1127
1894 1128
1873 1129
1888 1130
1831 1131
1898 1132
1902 1590 1133
1725 1134
1888 1135
1866 1136
1895 1137
1896 1138
1906 1139
1666 1140
1785 1141
1881 1142
1783 1143
1825 1144
1911 107 1145
1898 1146
1894 1147
1907 1148
1888 1149
1911 1150
1909 1540 1151
1807 1152
1902 1153
1785 1154
1882 1155
1898 1156
1909 1157
1903 1158
1876 1159
1902 1160
1911 1161
1901 1162
1898 1163
1765 1164
1866 1165
1894 1166
1876 1167
1667 1168
1904 1169
1894 1170
1908 1171
1902 1172
1902 1173
1825 1174
1902 1175
1899 1591 1176
1896 1177
1866 1178
1882 1179
1888 1180
1888 1181
1888 1182
1876 1183
1902 1184
1891 1185
1895 1186
1866 1187
1876 1188
1847 1189
1899 1190
1898 1191
1893 1192
1838 1193
1911 107 1194
1891 1195
1852 1196
1851 1197
1888 1198
1902 1199
1882 1574 1200
1888 1201
1858 1202
1847 1203
1903 1204
1902 1205
1911 107 1206
1898 1207
1890 1105 1208
1888 1209
1844 1210
1902 1211
1910 1212
1869 1213
1911 1214
1907 1215
1895 1216
1910 1217
1889 1218
1902 1219
1827 1220
1904 1221
1902 1222
1794 1223
1911 107 1224
1876 1225
1847 1226
1899 1227
1725 1228
1862 1229
1911 1230
1899 1231
1895 1232
1872 596 1233
1910 1234
1903 1235
1906 1236
1882 1237
1902 1238
1845 1239
1693 1240
1876 1241
1888 1242
1902 1243
1781 1244
1871 1245
1903 1246
1897 1247
1785 1248
1831 1249
1902 1250
1825 1251
1788 1030 1252
1858 1202 1253
1788 1368 1254
1902 1255
1902 1256
1872 1257
1818 1258
1906 1259
1876 1260
1907 1261
1835 1262
1783 1263
1749 1264
1891 1265
1905 1266
1891 1267
1910 1268
1891 1269
1711 1270
1902 1271
1891 1272
1893 1273
1908 1274
1906 1275
1791 1276
1903 1277
1867 1278
1899 1279
1902 1280
1907 1281
1894 1282
1911 1283
1907 1284
1900 1285
1893 1286
1888 1287
1900 1288
1888 1289
1891 1290
1888 1291
1899 1292
1888 1293
1844 1294
1785 1295
1831 1296
1844 1549 1297
1903 1298
1876 1299
1744 1300
1866 1518 1301
1900 1302
1894 1303
1876 1304
1888 1305
1756 1306
1866 1307
1785 1308
1894 1309
1876 1310
1783 1311
1888 1312
1878 1313
1895 1314
1903 1315
1894 1316
1838 1317
1882 1318
1895 1319
1882 1320
1911 1321
1903 1322
1902 1323
1901 1324
1866 1325
1858 1202 1326
1911 1327
1825 1328
1902 1329
1900 1330
1902 1331
1901 1332
1895 1333
1897 1334
1902 1335
1898 1336
1911 1337
1906 1338
1888 1339
1888 1340
1898 1341
1910 1342
1910 1343
1888 1344
1903 1345
1856 1537 1346
1899 1347
1904 1348
1882 1349
1894 1350
1902 1351
1911 1352
1897 1357 1353
1672 1354
1876 1355
1910 1356
1897 1357
1882 1358
1902 1359
1866 1360
1911 1361
1906 1469 1362
1880 1363
1897 1364
1886 1365
1876 1366
1909 1367
1788 1368
1852 1369
1902 1370
1895 1371
1910 1372
1907 1373
1844 1374
1888 1375
1902 1376
1902 1377
1895 1378
1903 1379
1898 1380
1899 1381
1894 1382
1909 1383
1788 1384
1910 1385
1911 107 1386
1726 1387
1902 1388
1898 1389
1902 1390
1898 1391
1899 1392
1902 1393
1693 1240 1394
1909 1395
1894 1396
1882 1397
1888 1398
1902 1399
1767 1400
1888 1401
1900 1402
1889 1403
1899 1404
1883 1405
1894 1406
1864 1407
1897 1408
1898 1409
1866 1410
1891 1411
1830 1412
1875 1413
1872 1414
1906 1415
1888 1416
1899 1417
1904 1418
1911 1419
1902 1420
1866 1421
1808 1422
1903 1423
1896 1424
1844 1425
1903 1426
1893 1427
1904 1428
1850 1429
1660 1430
1905 1431
1903 1432
1866 1433
1860 1434
1897 1435
1881 1436
1911 1437
1899 1438
1888 1439
1911 1440
1905 1441
1909 1471 1442
1910 1443
1876 1444
1806 1445
1882 1446
1902 1447
1893 1448
1888 1449
1792 1450
1894 1451
1895 1452
1897 1453
1894 1454
1654 1455
1902 1456
1898 1457
1863 1458
1903 1459
1851 1460
1758 1461
1903 1462
1888 1463
1878 1464
2007 1465
1911 107 1466
1888 1467
1895 1468
1906 1469
1888 1470
1909 1471
1906 1472
1901 1473
1840 1474
1899 1475
1670 1476
1909 1477
1910 1478
1903 1479
1888 1480
1876 1481
1904 1482
1902 1483
1888 1484
1891 1485
1726 1387 1486
1910 1487
1898 1488
1893 1489
1673 1490
1888 1491
1903 1569 1492
1895 1493
1825 1494
1907 1495
1904 1496
1910 1497
1827 1498
1889 1499
1785 1500
1909 1501
1907 1502
1894 1503
1906 1504
1758 1505
1616 1506
1876 1507
1894 1508
1901 1509
1778 1510
1866 1511
1878 1512
1883 1513
1893 1514
1899 1515
1888 1516
1898 1517
1866 1518
1900 1519
1891 1520
1911 1521
1898 1522
1911 1523
1888 1524
1897 1525
1878 1526
1911 1527
1864 1528
1855 1529
1902 1530
1876 1531
1888 1532
1895 1533
1825 1534
1898 1535
1906 1536
1856 1537
1888 1538
1877 1539
1909 1540
1904 1541
1902 1542
1881 1543
1905 1544
1910 1545
1889 1546
1902 1547
1895 1548
1844 1549
1875 1550
1902 1551
1858 1552
1908 1553
1891 1554
1866 1555
1888 1556
1888 1557
1860 1558
1902 1559
1911 107 1560
1911 1561
1896 1562
1891 1563
1905 1564
1882 1565
1910 1566
1866 1567
1895 1568
1903 1569
1902 1570
1911 1571
1877 1572
1899 1573
1882 1574
1894 1575
1899 1576
2010 1577
1871 1578
1866 1555 1579
1902 1580
1911 107 1581
1894 1582
1903 1583
1902 1584
1905 1585
1911 107 1586
1899 1587
1866 1588
1902 1589
1902 1590
1899 1591
1872 1592
1866 1593
1911 1594
1894 1595
1903 1596
1888 1597
1902 1598
1901 1599
1891 1600
1895 1601
1882 1602
1888 1603
1902 1604
1902 1605
1882 1606
1896 1607
1902 1608
1902 1609
1902 1610
1903 1611
1891 1612
1902 1613
1888 1614
1866 1615
2005 2020
1993 2021
2018 2022
1964 2023
2018 2024
2011 2025
2007 2026
2018 2027
2010 2028
2002 2029
2005 2030
2007 2031
2010 2032
1997 2033
1912 2034
1975 2035
1977 2036
2019 2037
2007 2038
2010 2039
1993 2040
2017 2041
1994 2042
2005 2043
1983 2044
2005 2045
2005 2046
2010 2047
1912 2048
1990 2049
2018 2050
1912 2051
2010 2052
2007 2053
2010 2054
2005 2055
1997 2056
1987 2057
2019 2058
2005 2059
2005 2060
2014 2061
2003 2062
2007 2063
2005 2064
1985 2065
1964 2066
2019 2067
2010 2068
2005 2069
1960 2070
2010 2071
2007 2072
2005 2073
2005 2074
2003 2075
1988 2076
2005 2077
2005 2078
1912 2079
1912 2080
2010 2081
1926 2082
2005 2083
1997 2084
1982 2085
2007 2086
2010 2087
2005 2088
1960 2089
2005 2090
1964 2091
2019 2092
2005 2093
1912 2094
2005 2095
1939 2096
2011 2097
2005 2098
1976 2099
1912 2100
2003 2101
2010 2102
1997 2103
2005 2104
1960 2105
1912 2106
1922 2107
2005 2108
1997 2109
2003 2110
2010 2111
2005 2112
1912 2113
2008 2114
1993 2115
2018 2116
2007 2117
2005 2118
1975 2119
1960 2120
1993 2121
2005 2122
2005 2123
2005 2124
2010 2125
2008 2126
2007 2127
2002 2128
1960 2129
1912 2130
2005 2131
2003 2132
2010 2133
2007 2134
2007 2135
1997 2136
2007 2137
2007 2138
2005 2139
1997 2140
1964 2141
2005 2142
2010 2143
2007 2144
1964 2145
1960 2146
2007 2147
2007 2148
2010 2149
2005 2150
2010 2151
2015 2152
2010 2153
1997 2154
2010 2155
2015 2156
2018 2157
1975 2158
2018 2159
1933 2160
2007 2161
1964 2162
1970 2163
2005 2164
1993 2165
1965 2166
1912 2167
1912 2168
2010 2169
1992 2170
2018 2171
2005 2172
1990 2173
2010 2174
1975 2175
2010 2176
1912 2177
1912 2178
1993 2179
2007 2180
1949 2181
1944 2182
2010 2183
2005 2184
1964 2185
1964 2186
2010 2187
2005 2188
2007 2189
2005 2190
2007 2191
2018 2192
1975 2193
2010 2194
1912 2195
2010 2196
1975 2197
2007 2198
2010 2199
2005 2200
2005 2201
2006 2202
2010 2203
1912 2204
1926 2205
2005 2206
1992 2207
1985 2208
1964 2209
2005 2210
2007 2211
1993 2212
2005 2213
1977 2214
1987 2215
2005 2216
1912 2217
2007 2218
1964 2219
2005 2220
2003 2221
2003 2222
2007 2223
2010 2224
2016 2225
2002 2226
1912 2227
1975 2228
2005 2229
1912 2230
1965 2231
2008 2232
2005 2233
2019 2234
2003 2235
1975 2236
2005 2237
1912 2238
2007 2239
2007 2240
2010 2241
1964 2242
2003 2243
2005 2244
1956 2245
2010 2246
2010 2247
1990 2248
2007 2249
2010 2250
1915 2251
1912 2252
2005 2253
2010 2254
1992 2255
1977 2256
1997 2257
2005 2258
2007 2259
1930 2260
2005 2261
1982 2262
1912 2263
2002 2264
1977 2265
2007 2266
2010 2267
2018 2268
1912 2269
1944 2270
2005 2271
1944 2272
2010 2273
1981 2274
2005 2275
2005 2276
1949 2277
2005 2278
2007 2279
1982 2280
1961 2281
2010 2282
2010 2283
2018 2284
2007 2285
1990 2286
2005 2287
1983 2288
2010 2289
1997 2290
1977 2291
2010 2292
1959 2293
2010 2294
1948 2295
2017 2296
2018 2297
1944 2298
2005 2299
1993 2300
1961 2301
2007 2302
2019 2303
2003 2304
1987 2305
2005 2306
1993 2307
2005 2308
2005 2309
1964 2310
1997 2311
1913 2312
1975 2313
1990 2314
1994 2315
1912 2316
1964 2317
1970 2318
2007 2319
1992 2320
2017 2321
1975 2322
2005 2323
2005 2324
2010 2325
2005 2326
2003 2327
2010 2328
2005 2329
2007 2330
2005 2331
2007 2332
2010 2333
2019 2334
1990 2335
2010 2336
2018 2337
2007 2338
1997 2339
2005 2340
1934 2341
1964 2342
2010 2343
2010 2344
2007 2345
2018 2346
2010 2347
2005 2348
1992 2349
1962 2350
2010 2351
2005 2352
1997 2353
2005 2354
1947 2355
2005 2356
2015 2357
1912 2358
2005 2359
1975 2360
1990 2361
1964 2362
2005 2363
2018 2364
2018 2365
1964 2366
1964 2367
1975 2368
2005 2369
2005 2370
1964 2371
2007 2372
1960 2373
2005 2374
1912 2375
2005 2376
2010 2377
2018 2378
2007 2379
1912 2380
2005 2381
1912 2382
2007 2383
2010 2384
1987 2385
2005 2386
2019 2387
1936 2388
1972 2389
2003 2390
1986 2391
1993 2392
2019 2393
2007 2394
2005 2395
2007 2396
1990 2397
2007 2398
2010 2399
1913 2400
1992 2401
1912 2402
1978 2403
2005 2404
1990 2405
1964 2406
2005 2407
2005 2408
2007 2409
2005 2410
1975 2411
2008 2412
1913 2413
2007 2414
2003 2415
1964 2416
2018 2417
2005 2418
2010 2419
2007 2420
2017 2421
1912 2422
2005 2423
1922 2424
1964 2425
1992 2426
1993 2427
2007 2428
2007 2429
2005 2430
1912 2431
1947 2432
2005 2433
2007 2434
2018 2435
2007 2436
1912 2437
2003 2438
1912 2439
1964 2440
1912 2441
1912 2442
2019 2443
1992 2444
2007 2445
2005 2446
2018 2447
1964 2448
2019 2449
1912 2450
2007 2451
1970 2452
2003 2453
1983 2454
2008 2455
1912 2456
1912 2457
2007 2458
2018 2459
2005 2460
2010 2461
1993 2462
2010 2463
2005 2464
1959 2465
1992 2466
1997 2467
2007 2468
1993 2469
1912 2470
2010 2471
2018 2472
2007 2473
1978 2474
2010 2475
2019 2476
2005 2477
2019 2478
2003 2479
1944 2480
1956 2481
2005 2482
1912 2483
1997 2484
1997 2485
1992 2486
1961 2487
1975 2488
2007 2489
1988 2490
2007 2491
1997 2492
1970 2493
2018 2494
2005 2495
1912 2496
1990 2497
2010 2498
2019 2499
2005 2500
2003 2501
1940 2502
1990 2503
2005 2504
1974 2505
2005 2506
2005 2507
2007 2508
2010 2509
2007 2510
2007 2511
2010 2512
1992 2513
1964 2514
1988 2515
2010 2516
1964 2517
2002 2518
2002 2519
1993 2520
1993 2521
1982 2522
1960 2523
1985 2524
1970 2525
2019 2526
1912 2527
1912 2528
1913 2529
1985 2530
1972 2531
1997 2532
2007 2533
1990 2534
1961 2535
1993 2536
2007 2537
2018 2538
2005 2539
1964 2540
1912 2541
1997 2542
2007 2543
1916 2544
1912 2545
1997 2546
2007 2547
1912 2548
1997 2549
2005 2550
2005 2551
1997 2552
1997 2553
2005 2554
2010 2555
2005 2556
1965 2557
1912 2558
2005 2559
2007 2560
1997 2561
1936 2562
1997 2563
2005 2564
2017 2565
1977 2566
2010 2567
1912 2568
1912 2569
1960 2570
2018 2571
1959 2572
1993 2573
1997 2574
2005 2575
1984 2576
1960 2577
2005 2578
1993 2579
1912 2580
1996 2581
2010 2582
2009 2583
2019 2584
2011 2585
2005 2586
1933 2587
2010 2588
2007 2589
2005 2590
1993 2591
2010 2592
2005 2593
1988 2594
1912 2595
1912 2596
2007 2597
2010 2598
1959 2599
2007 2600
2007 2601
2005 2602
2003 2603
2007 2604
2002 2605
1989 2606
1997 2607
1970 2608
1994 2609
1964 2610
2005 2611
1964 2612
1983 2613
1912 2614
2005 2615
2010 2616
2007 2617
1964 2618
1997 2619
2006 2620
1912 2621
1993 2622
2007 2623
2005 2624
2005 2625
2014 2626
2011 2627
1960 2628
2010 2629
2005 2630
1993 2631
1912 2632
2001 2633
1956 2634
1945 2635
2018 2636
2002 2637
2005 2638
2011 2639
2018 2640
1923 2641
2010 2642
2007 2643
1990 2644
2018 2645
2007 2646
2018 2647
2018 2648
2010 2649
1992 2650
1974 2651
2003 2652
2007 2653
2005 2654
2005 2655
1965 2656
2018 2657
2011 2658
2006 2659
2011 2660
1684 2661
1684 2662
1684 2663
1684 2664
1684 2665
1684 2666
1684 2667
1684 2668
1684 2669
1684 2670
1684 2671
1684 2672
1684 2673
1684 2674
1684 2675
1684 2676
1758 2677
1726 2678
1684 2679
1684 2680
1684 2681
1684 2682
1684 2683
1684 2684
1684 2685
1684 2686
1684 2687
1684 2688
1684 2689
1684 2690
1684 2691
1684 2692
1684 2693
1684 2694
1684 2695
1684 2696
1684 2697
1684 2698
1684 2699
1684 2700
1684 2701
1684 2702
1684 2703
1684 2704
1684 2705
1684 2706
1684 2707
1684 2708
1684 2709
1684 2710
1684 2711
1684 2712
1684 2713
1684 2714
1684 2715
1684 2716
1684 2717
1684 2718
1684 2719
1684 2720
1684 2721
1684 2722
1684 2723
1684 2724
1684 2725
1684 2726
1684 2727
1684 2728
1684 2729
1684 2730
1684 2731
1684 2732
1684 2733
1684 2734
1684 2735
1684 2736
1684 2737
1684 2738
1684 2739
1684 2740
1684 2741
1684 2742
1684 2743
1726 2744
1684 2745
1684 2746
1684 2747
1684 2748
1684 2749
1684 2750
1684 2751
1684 2752
1684 2753
1684 2754
1684 2755
1684 2756
1684 2757
1684 2758
1684 2759
1684 2760
1684 2761
1684 2762
1684 2763
1758 2764
1684 2765
1684 2766
1684 2767
1684 2768
1684 2769
1684 2770
1684 2771
1684 2772
1684 2773
1684 2774
1684 2775
1684 2776
1684 2777
1684 2778
1684 2779
1684 2780
1684 2781
1684 2782
1684 2783
1684 2784
1684 2785
1684 2786
1684 2787
1684 2788
1684 2789
1684 2790
1684 2791
1684 2792
1684 2793
1684 2794
1684 2795
1684 2796
1684 2797
1684 2798
1684 2799
1684 2800
1684 2801
1684 2802
1684 2803
1684 2804
1684 2805
1684 2806
1684 2807
1684 2808
1684 2809
1684 2810
1684 2811
1684 2812
1758 2813
1684 2814
1684 2815
1684 2816
1684 2817
1684 2818
1684 2819
1684 2820
1684 2821
1684 2822
1684 2823
1684 2824
1758 2825
1684 2826
1684 2827
1684 2828
1684 2829
1684 2830
1684 2831
1684 2832
1684 2833
1684 2834
1684 2835
1684 2836
1684 2837
1684 2838
1684 2839
1684 2840
1684 2841
1684 2842
1684 2843
1684 2844
1684 2845
1684 2846
1684 2847
1684 2848
1684 2849
1684 2850
1684 2851
1684 2852
1684 2853
1684 2854
1684 2855
1684 2856
1684 2857
1684 2858
1684 2859
1684 2860
1684 2861
1684 2862
1684 2863
1684 2864
1684 2865
1684 2866
1684 2867
1684 2868
1684 2869
1684 2870
1684 2871
1684 2872
1684 2873
1684 2874
1684 2875
1684 2876
1684 2877
1684 2878
1684 2879
1684 2880
1684 2881
1684 2882
1684 2883
1684 2884
1684 2885
1684 2886
1684 2887
1684 2888
1684 2889
1684 2890
1684 2891
1684 2892
1684 2893
1684 2894
1684 2895
1684 2896
1684 2897
1684 2898
1684 2899
1684 2900
1684 2901
1684 2902
1684 2903
1684 2904
1684 2905
1684 2906
1684 2907
1684 2908
1684 2909
1684 2910
1684 2911
1684 2912
1684 2913
1684 2914
1684 2915
1684 2916
1684 2917
1684 2918
1684 2919
1684 2920
1684 2921
1684 2922
1684 2923
1684 2924
1684 2925
1684 2926
1684 2927
1684 2928
1684 2929
1684 2930
1684 2931
1684 2932
1684 2933
1684 2934
1684 2935
1684 2936
1684 2937
1684 2938
1684 2939
1684 2940
1684 2941
1684 2942
1684 2943
1684 2944
1684 2945
1684 2946
1684 2947
1684 2948
1684 2949
1684 2950
1684 2951
1684 2952
1684 2953
1684 2954
1684 2955
1684 2956
1684 2957
1684 2958
1684 2959
1684 2960
1684 2961
1684 2962
1684 2963
1684 2964
1684 2965
1684 2966
1684 2967
1684 2968
1684 2969
1684 2970
1684 2971
1684 2972
1684 2973
1684 2974
1684 2975
1684 2976
1684 2977
1684 2978
1758 2979
1684 2980
1684 2981
1684 2982
1684 2983
1684 2984
1684 2985
1684 2986
1684 2987
1684 2988
1684 2989
1684 2990
1684 2991
1684 2992
1684 2993
1684 2994
1684 2995
1684 2996
1684 2997
1684 2998
1684 2999
1684 3000
1684 3001
1684 3002
1684 3003
1684 3004
1684 3005
1684 3006
1684 3007
1684 3008
1684 3009
1684 3010
1684 3011
1684 3012
1684 3013
1684 3014
1684 3015
1684 3016
1684 3017
1684 3018
1684 3019
1684 3020
1684 3021
1684 3022
1684 3023
1684 3024
1684 3025
1684 3026
1684 3027
1684 3028
1684 3029
1684 3030
1684 3031
1684 3032
1684 3033
1684 3034
1684 3035
1684 3036
1684 3037
1684 3038
1684 3039
1684 3040
1684 3041
1684 3042
1684 3043
1684 3044
1684 3045
1684 3046
1684 3047
1684 3048
1684 3049
1684 3050
1684 3051
1684 3052
1684 3053
1684 3054
1684 3055
1684 3056
1726 3057
1684 3058
1684 3059
1684 3060
1684 3061
1684 3062
1684 3063
1684 3064
1684 3065
1684 3066
1684 3067
1684 3068
1684 3069
1684 3070
1684 3071
1684 3072
1684 3073
1684 3074
1684 3075
1684 3076
1684 3077
1684 3078
1684 3079
1684 3080
1684 3081
1684 3082
1684 3083
1684 3084
1684 3085
1684 3086
1684 3087
1684 3088
1684 3089
1684 3090
1684 3091
1684 3092
1684 3093
1684 3094
1684 3095
1684 3096
1684 3097
1684 3098
1684 3099
1684 3100
1684 3101
1684 3102
1684 3103
1684 3104
1684 3105
1684 3106
1684 3107
1684 3108
1684 3109
1684 3110
1684 3111
1684 3112
1684 3113
1684 3114
1684 3115
1684 3116
1684 3117
1684 3118
1684 3119
1684 3120
1684 3121
1684 3122
1684 3123
1684 3124
1684 3125
1684 3126
1684 3127
1684 3128
1684 3129
1684 3130
1684 3131
1684 3132
1684 3133
1684 3134
1684 3135
1684 3136
1684 3137
1684 3138
1684 3139
1684 3140
1684 3141
1684 3142
1684 3143
1684 3144
1684 3145
1684 3146
1684 3147
1684 3148
1684 3149
1684 3150
1684 3151
1684 3152
1684 3153
1684 3154
1684 3155
1684 3156
1684 3157
1684 3158
1684 3159
1684 3160
1684 3161
1684 3162
1684 3163
1726 3164
1684 3165
1684 3166
1684 3167
1684 3168
1684 3169
1684 3170
1684 3171
1684 3172
1684 3173
1684 3174
1684 3175
1684 3176
1684 3177
1684 3178
1726 3179
1684 3180
1684 3181
1684 3182
1684 3183
1684 3184
1684 3185
1684 3186
1684 3187
1684 3188
1684 3189
1684 3190
1684 3191
1684 3192
1684 3193
1684 3194
1684 3195
1684 3196
1684 3197
1684 3198
1684 3199
1684 3200
1684 3201
1684 3202
1684 3203
1684 3204
1758 3205
1684 3206
1684 3207
1684 3208
1684 3209
1684 3210
1684 3211
1684 3212
1684 3213
1684 3214
1684 3215
1684 3216
1684 3217
1684 3218
1684 3219
1684 3220
1684 3221
1726 3222
1684 3223
1684 3224
1684 3225
1684 3226
1684 3227
1684 3228
1684 3229
1684 3230
1684 3231
1684 3232
1684 3233
1684 3234
1684 3235
1684 3236
1684 3237
1684 3238
1684 3239
1684 3240
1684 3241
1684 3242
1684 3243
1684 3244
1684 3245
1684 3246
1684 3247
1684 3248
1684 3249
1684 3250
1684 3251
1684 3252
1684 3253
1684 3254
1684 3255
1684 3256
1684 3257
1684 3258
1684 3259
1684 3260
1684 3261
1684 3262
1726 3263
1684 3264
1684 3265
1684 3266
1684 3267
1684 3268
1684 3269
1684 3270
1684 3271
1684 3272
1684 3273
1684 3274
1684 3275
1684 3276
1684 3277
1684 3278
1684 3279
1684 3280
1684 3281
1684 3282
1684 3283
1684 3284
1684 3285
1684 3286
1684 3287
1684 3288
1684 3289
1684 3290
1684 3291
1684 3292
1684 3293
1684 3294
1684 3295
1684 3296
1684 3297
1684 3298
1684 3299
1684 3300
1684 3301
1684 3302
1684 3303
1684 3304
1684 3305
1684 3306
1684 3307
1684 3308
1684 3309
1684 3310
1684 3311
1684 3312
1684 3313
1684 3314
1684 3315
1684 3316
1684 3317
1684 3318
1684 3319
1684 3320
1684 3321
1684 3322
1684 3323
1684 3324
1684 3325
1684 3326
1684 3327
1684 3328
1684 3329
1684 3330
1684 3331
1684 3332
1684 3333
1684 3334
1684 3335
1684 3336
1684 3337
1684 3338
1684 3339
1684 3340
1684 3341
1684 3342
1684 3343
1684 3344
1684 3345
1684 3346
1684 3347
1684 3348
1684 3349
1684 3350
1684 3351
1684 3352
1684 3353
1684 3354
1684 3355
1684 3356
1684 3357
1684 3358
1684 3359
1684 3360
1684 3361
1684 3362
1684 3363
1684 3364
1684 3365
1684 3366
1684 3367
1684 3368
1684 3369
1684 3370
1684 3371
1684 3372
1684 3373
1684 3374
1684 3375
1684 3376
1684 3377
1684 3378
1684 3379
1684 3380
1684 3381
1684 3382
1684 3383
1684 3384
1726 3385
1684 3386
1684 3387
1684 3388
1684 3389
1684 3390
1684 3391
1684 3392
1684 3393
1684 3394
1684 3395
1684 3396
1684 3397
1684 3398
1684 3399
1684 3400
1684 3401
1684 3402
1684 3403
1684 3404
1684 3405
1684 3406
1684 3407
1684 3408
1684 3409
1684 3410
1684 3411
1684 3412
1684 3413
1684 3414
1684 3415
1684 3416
1684 3417
1684 3418
1684 3419
1684 3420
1684 3421
1684 3422
1684 3423
1684 3424
1684 3425
1684 3426
1684 3427
1684 3428
1684 3429
1684 3430
1684 3431
1758 3432
1684 3433
1684 3434
1684 3435
1684 3436
1866 1085 3437
1866 1085 3877 3438
1866 1085 3437 3439
1866 1085 3440
1866 1085 3437 3441
1866 1085 3437 3442
1866 1085 3437 3443
1866 1085 3437 3444
1866 1085 3437 3445
1866 1085 3437 3446
1866 1085 3437 3447
1866 1085 3948 3448
1866 1085 3962 3449
1989 4039 3596 3450
1866 1085 3437 3451
1866 1085 3877 3452
1866 1085 3437 3453
1866 1085 3677 3454
1866 1085 3886 3455
1866 1085 3456
1866 1085 3830 3457
1866 1085 3437 3458
1866 1085 3437 3459
1866 1085 3437 3460
1866 1085 3495 3461
1866 1085 3877 3462
1866 1085 3437 3463
1866 1085 3437 3464
1866 1085 3437 3465
1866 1085 3437 3466
1866 1085 3830 3467
1866 1085 3437 3468
1866 1085 3561 3469
1866 1085 3437 3470
1866 1085 3877 3471
1866 1085 3437 3472
1866 1085 3437 3473
1866 1085 3437 3474
1866 1085 3948 3475
1866 1085 3437 3476
1866 1085 3756 3477
1866 1085 3437 3478
1866 1085 3830 3479
1866 1085 3830 3480
1866 1085 3830 3481
1866 1085 3437 3482
1866 1085 3437 3483
1866 1085 3684 3484
1866 1085 3437 3485
1866 1085 3437 3486
1866 1085 3437 3487
1866 1085 3877 3488
1866 1085 3437 3489
1866 1085 3437 3490
1866 1085 3962 3491
1866 1085 3756 3492
1866 1085 3437 3493
1866 1085 3437 3494
1866 1085 3495
1866 1085 3750 3496
1989 4039 3596 3497
1866 1085 3437 3498
1866 1085 3437 3499
1866 1085 3437 3500
1866 1085 3501
1866 1085 3830 3502
1989 4039 3596 3503
1866 1085 3677 3504
1866 1085 3437 3505
1866 1085 3437 3506
1866 1085 3437 3507
1866 1085 3437 3508
1866 1085 3437 3509
1866 1085 3437 3510
1866 1085 3437 3511
1866 1085 3830 3512
1866 1085 3437 3513
1866 1085 3830 3514
1866 1085 3437 3515
1866 1085 3830 3516
1866 1085 3948 3517
1866 1085 3830 3518
1866 1085 3437 3519
1866 1085 3684 3520
1866 1085 3962 3521
1866 1085 3872 3522
1866 1085 3830 3523
1866 1085 3437 3524
1866 1085 3525
1866 1085 3684 3526
1866 1085 3851 3527
1989 4039 3596 3528
1866 1085 3437 3529
1866 1085 3437 3530
1866 1085 3437 3531
1866 1085 3437 3532
1866 1085 3948 3533
1866 1085 3437 3534
1866 1085 3437 3535
1866 1085 3437 3536
1866 1085 3437 3537
1866 1085 3437 3538
1866 1085 3437 3539
1866 1085 3540
1866 1085 3437 3541
1989 4039 3596 3542
1866 1085 3437 3543
1866 1085 3674 3544
1866 1085 3962 3545
1866 1085 3437 3546
1866 1085 3750 3547
1866 1085 3948 3548
1866 1085 3437 3549
1866 1085 3550
1866 1085 3525 3551
1866 1085 3886 3552
1866 1085 3437 3553
1866 1085 3561 3554
1866 1085 3437 3555
1866 1085 3556
1989 4039 3596 3557
1866 1085 3437 3558
1866 1085 3877 3559
1866 1085 3830 3560
1866 1085 3561
1866 1085 3830 3562
1866 1085 3962 3563
1866 1085 3437 3564
1866 1085 3756 3565
1866 1085 3437 3566
1866 1085 3437 3567
1866 1085 3437 3568
1866 1085 3437 3569
1866 1085 3437 3570
1866 1085 3437 3571
1866 1085 3437 3572
1866 1085 3877 3573
1866 1085 3877 3574
1866 1085 3872 3575
1866 1085 3877 3576
1866 1085 3577
1866 1085 3877 3578
1866 1085 3437 3579
1866 1085 3437 3580
1866 1085 3437 3581
1866 1085 3437 3582
1866 1085 3437 3583
1866 1085 3437 3584
1866 1085 3437 3585
1866 1085 3948 3586
1866 1085 3437 3587
1866 1085 3437 3588
1866 1085 3592 3589
1866 1085 3756 3590
1866 1085 3437 3591
1866 1085 3592
1866 1085 3437 3593
1866 1085 3830 3594
1866 1085 3437 3595
1989 4039 3596
1866 1085 3437 3597
1866 1085 3437 3598
1866 1085 3437 3599
1866 1085 3440 3600
1866 1085 3437 3601
1866 1085 3437 3602
1866 1085 3756 3603
1866 1085 3962 3604
1866 1085 3948 3605
1866 1085 3437 3606
1866 1085 3437 3607
1866 1085 3437 3608
1866 1085 3609
1866 1085 3674 3610
1866 1085 3877 3611
1866 1085 3561 3612
1866 1085 3830 3613
1866 1085 3437 3614
1866 1085 3437 3615
1866 1085 3437 3616
1866 1085 3830 3617
1866 1085 3851 3618
1866 1085 3437 3619
1866 1085 3437 3620
1866 1085 3797 3621
1866 1085 3437 3622
1866 1085 3437 3623
1866 1085 3437 3624
1866 1085 3962 3625
1866 1085 3592 3626
1989 4039 3596 3627
1866 1085 3962 3628
1866 1085 3437 3629
1866 1085 3437 3630
1866 1085 3437 3631
1866 1085 3437 3632
1866 1085 3633
1866 1085 3437 3634
1866 1085 3948 3635
1866 1085 3437 3636
1866 1085 3756 3637
1866 1085 3437 3638
1866 1085 3830 3639
1989 4039 3596 3640
1866 1085 3437 3641
1989 4039 3596 3642
1866 1085 3437 3643
1866 1085 3437 3644
1866 1085 3437 3645
1866 1085 3437 3646
1866 1085 3437 3647
1866 1085 3437 3648
1866 1085 3830 3649
1866 1085 3437 3650
1866 1085 3651
1866 1085 3437 3652
1866 1085 3437 3653
1866 1085 3830 3654
1866 1085 3437 3655
1866 1085 3948 3656
1866 1085 3437 3657
1866 1085 3756 3658
1866 1085 3437 3659
1866 1085 3437 3660
1866 1085 3948 3661
1866 1085 3437 3662
1866 1085 3437 3663
1866 1085 3437 3664
1866 1085 3437 3665
1866 1085 3437 3666
1866 1085 3962 3667
1866 1085 3437 3668
1866 1085 3830 3669
1866 1085 3948 3670
1866 1085 3437 3671
1866 1085 3962 3672
1866 1085 3437 3673
1866 1085 3674
1866 1085 3437 3675
1866 1085 3437 3676
1866 1085 3677
1866 1085 3437 3678
1866 1085 3437 3679
1866 1085 3830 3680
1989 4039 3596 3681
1866 1085 3437 3682
1866 1085 3948 3683
1866 1085 3684
1866 1085 3437 3685
1989 4039 3596 3686
1866 1085 3830 3687
1866 1085 3556 3688
1866 1085 3721 3689
1866 1085 3437 3690
1866 1085 3830 3691
1866 1085 3692
1866 1085 3948 3693
1866 1085 3437 3694
1866 1085 3830 3695
1866 1085 3437 3696
1866 1085 3830 3697
1866 1085 3437 3698
1866 1085 3437 3699
1866 1085 3830 3700
1866 1085 3437 3701
1866 1085 3948 3702
1866 1085 3830 3703
1866 1085 3437 3704
1866 1085 3437 3705
1866 1085 3437 3706
1866 1085 3756 3707
1866 1085 3437 3708
1866 1085 3437 3709
1866 1085 3437 3710
1866 1085 3437 3711
1866 1085 3692 3712
1866 1085 3437 3713
1866 1085 3437 3714
1866 1085 3437 3715
1866 1085 3437 3716
1866 1085 3830 3717
1866 1085 3437 3718
1866 1085 3437 3719
1866 1085 3437 3720
1866 1085 3721
1866 1085 3437 3722
1866 1085 3437 3723
1866 1085 3437 3724
1866 1085 3437 3725
1866 1085 3437 3726
1866 1085 3437 3727
1866 1085 3437 3728
1866 1085 3437 3729
1989 4039 3596 3730
1866 1085 3877 3731
1866 1085 3437 3732
1866 1085 3437 3733
1866 1085 3962 3734
1866 1085 3437 3735
1866 1085 3948 3736
1989 4039 3596 3737
1866 1085 3561 3738
1866 1085 3437 3739
1866 1085 3437 3740
1866 1085 3741
1866 1085 3437 3742
1866 1085 3437 3743
1866 1085 3830 3744
1866 1085 3437 3745
1866 1085 3437 3746
1866 1085 3437 3747
1866 1085 3437 3748
1866 1085 3437 3749
1866 1085 3750
1866 1085 3437 3751
1866 1085 3561 3752
1866 1085 3437 3753
1866 1085 3437 3754
1866 1085 3830 3755
1866 1085 3756
1866 1085 3437 3757
1866 1085 3437 3758
1866 1085 3437 3759
1866 1085 3962 3760
1866 1085 3437 3761
1989 4039 3596 3762
1866 1085 3437 3763
1866 1085 3437 3764
1866 1085 3830 3765
1866 1085 3437 3766
1866 1085 3437 3767
1866 1085 3437 3768
1866 1085 3437 3769
1866 1085 3437 3770
1866 1085 3437 3771
1866 1085 3756 3772
1866 1085 3437 3773
1866 1085 3437 3774
1866 1085 3437 3775
1866 1085 3437 3776
1866 1085 3437 3777
1866 1085 3437 3778
1866 1085 3872 3779
1866 1085 3877 3780
1866 1085 3437 3781
1866 1085 3437 3782
1866 1085 3437 3783
1866 1085 3437 3784
1866 1085 3756 3785
1866 1085 3437 3786
1866 1085 3437 3787
1866 1085 3677 3788
1866 1085 3437 3789
1866 1085 3851 3790
1866 1085 3437 3791
1866 1085 3437 3792
1866 1085 3437 3793
1866 1085 3437 3794
1866 1085 3830 3795
1866 1085 3851 3796
1866 1085 3797
1866 1085 3437 3798
1866 1085 3437 3799
1866 1085 3962 3800
1866 1085 3437 3801
1866 1085 3437 3802
1866 1085 3561 3803
1866 1085 3830 3804
1866 1085 3440 3805
1866 1085 3437 3806
1866 1085 3437 3807
1866 1085 3437 3808
1866 1085 3437 3809
1866 1085 3437 3810
1866 1085 3437 3811
1866 1085 3437 3812
1866 1085 3830 3813
1866 1085 3437 3814
1866 1085 3437 3815
1866 1085 3437 3816
1866 1085 3851 3817
1866 1085 3437 3818
1866 1085 3437 3819
1866 1085 3437 3820
1866 1085 3437 3821
1866 1085 3437 3822
1866 1085 3437 3823
1866 1085 3877 3824
1866 1085 3561 3825
1866 1085 3437 3826
1866 1085 3437 3827
1866 1085 3756 3828
1866 1085 3437 3829
1866 1085 3830
1866 1085 3851 3831
1866 1085 3830 3832
1866 1085 3437 3833
1866 1085 3437 3834
1866 1085 3437 3835
1866 1085 3437 3836
1866 1085 3437 3837
1866 1085 3943 3838
1866 1085 3677 3839
1866 1085 3437 3840
1866 1085 3962 3841
1866 1085 3948 3842
1866 1085 3437 3843
1866 1085 3437 3844
1866 1085 3851 3845
1866 1085 3437 3846
1866 1085 3677 3847
1866 1085 3437 3848
1866 1085 3437 3849
1866 1085 3437 3850
1866 1085 3851
1866 1085 3886 3852
1866 1085 3437 3853
1866 1085 3437 3854
1866 1085 3437 3855
1866 1085 3437 3856
1866 1085 3437 3857
1866 1085 3830 3858
1866 1085 3437 3859
1866 1085 3830 3860
1866 1085 3437 3861
1866 1085 3437 3862
1866 1085 3437 3863
1866 1085 3830 3864
1866 1085 3437 3865
1866 1085 3437 3866
1866 1085 3437 3867
1866 1085 3437 3868
1866 1085 3437 3869
1866 1085 3437 3870
1866 1085 3437 3871
1866 1085 3872
1866 1085 3962 3873
1866 1085 3437 3874
1866 1085 3437 3875
1866 1085 3437 3876
1866 1085 3877
1866 1085 3437 3878
1866 1085 3437 3879
1866 1085 3830 3880
1866 1085 3437 3881
1866 1085 3437 3882
1866 1085 3830 3883
1866 1085 3948 3884
1866 1085 3437 3885
1866 1085 3886
1866 1085 3437 3887
1866 1085 3872 3888
1866 1085 3943 3889
1866 1085 3437 3890
1866 1085 3592 3891
1866 1085 3437 3892
1866 1085 3437 3893
1866 1085 3437 3894
1866 1085 3437 3895
1866 1085 3437 3896
1866 1085 3437 3897
1866 1085 3830 3898
1866 1085 3437 3899
1866 1085 3437 3900
1866 1085 3437 3901
1866 1085 3877 3902
1866 1085 3437 3903
1866 1085 3437 3904
1866 1085 3437 3905
1866 1085 3437 3906
1866 1085 3437 3907
1866 1085 3495 3908
1866 1085 3437 3909
1866 1085 3437 3910
1866 1085 3830 3911
1866 1085 3437 3912
1866 1085 3830 3913
1866 1085 3437 3914
1866 1085 3437 3915
1866 1085 3592 3916
1866 1085 3437 3917
1866 1085 3830 3918
1866 1085 3830 3919
1866 1085 3437 3920
1866 1085 3437 3921
1866 1085 3437 3922
1866 1085 3437 3923
1866 1085 3437 3924
1866 1085 3437 3925
1866 1085 3943 3926
1866 1085 3561 3927
1866 1085 3633 3928
1866 1085 3948 3929
1866 1085 3877 3930
1866 1085 3437 3931
1866 1085 3437 3932
1866 1085 3437 3933
1866 1085 3495 3934
1866 1085 3437 3935
1866 1085 3437 3936
1866 1085 3437 3937
1866 1085 3962 3938
1866 1085 3437 3939
1866 1085 3437 3940
1866 1085 3437 3941
1866 1085 3561 3942
1866 1085 3943
1866 1085 3962 3944
1866 1085 3561 3945
1866 1085 3437 3946
1866 1085 3437 3947
1866 1085 3948
1866 1085 3437 3949
1866 1085 3872 3950
1866 1085 3437 3951
1866 1085 3437 3952
1866 1085 3437 3953
1866 1085 3437 3954
1866 1085 3437 3955
1866 1085 3437 3956
1866 1085 3830 3957
1866 1085 3437 3958
1866 1085 3437 3959
1866 1085 3437 3960
1866 1085 3437 3961
1866 1085 3962
1866 1085 3437 3963
1866 1085 3561 3964
1866 1085 3437 3965
1866 1085 3877 3966
1866 1085 3437 3967
1866 1085 3962 3968
1866 1085 3437 3969
1866 1085 3830 3970
1866 1085 3948 3971
1866 1085 3437 3972
1866 1085 3437 3973
1866 1085 3437 3974
1866 1085 3437 3975
1866 1085 3437 3976
1866 1085 3437 3977
1866 1085 3495 3978
1866 1085 3872 3979
1967 563 594 3980
1967 563 594 3980 3981
1967 563 594 3980 3982
1967 563 594 3980 3983
1967 563 594 3980 3984
1967 563 594 3980 3985
1967 563 594 3980 3986
1967 563 594 3980 3987
1967 563 594 3980 3988
1967 563 594 3989
1967 563 594 3980 3990
1967 563 594 4031 3991
1967 563 594 3980 3992
1967 563 594 3980 3993
1967 563 594 3980 3994
1967 563 594 3980 3995
1967 563 594 3980 3996
1967 563 594 3980 3997
1967 563 594 3980 3998
1967 563 594 3980 3999
1967 563 594 3980 4000
1967 563 594 3980 4001
1967 563 594 4031 4002
1967 563 594 3980 4003
1967 563 594 4031 4004
1967 563 594 3980 4005
1967 563 594 3980 4006
1967 563 594 3980 4007
1967 563 594 3980 4008
1967 563 594 3980 4009
1967 563 594 3980 4010
1967 563 594 4011
1967 563 594 3980 4012
1967 563 594 4031 4013
1967 563 594 3980 4014
1967 563 594 3980 4015
1967 563 594 3980 4016
1967 563 594 3980 4017
1967 563 594 3980 4018
1967 563 594 3980 4019
1967 563 594 4031 4020
1967 563 594 3980 4021
1967 563 594 3980 4022
1967 563 594 4031 4023
1967 563 594 3980 4024
1967 563 594 3980 4025
1967 563 594 3980 4026
1967 563 594 4031 4027
1967 563 594 3980 4028
1967 563 594 3980 4029
1967 563 594 3980 4030
1967 563 594 4031
1967 563 594 3980 4032
1967 563 594 3980 4033
1967 563 594 3980 4034
1967 563 594 3980 4035
1967 563 594 3980 4036
1967 563 594 3980 4037
1967 563 594 4031 4038
1989 4039

