Iteration: 1
2740 171 0
2660 136 322 1
2740 171 0 2
2669 4040 122 3
2740 171 0 4
2660 136 315 5
2740 171 0 6
2660 136 7
2740 171 0 8
2660 136 322 9
2660 136 285 10
2740 171 0 11
2740 171 0 12
2660 136 304 13
2740 171 0 14
2740 171 0 15
2740 171 0 16
2740 171 0 17
2740 171 0 18
2740 171 0 19
2740 171 0 20
2660 136 21
2660 136 339 22
2740 171 0 23
2740 171 0 24
2660 136 322 25
2660 136 322 26
2660 136 324 27
2740 171 0 28
2740 171 0 29
2660 136 322 30
2660 136 339 31
2740 171 0 32
2740 171 0 33
2660 1912 428 34
2740 171 0 35
2740 171 0 36
2740 171 0 37
2660 136 339 38
2740 171 119 39
2660 136 322 40
2740 171 0 41
2740 171 0 42
2740 171 0 43
2740 171 0 44
2660 136 322 45
2740 171 0 46
2740 171 0 47
2660 136 322 48
2740 171 0 49
2660 136 146 50
2740 171 0 51
2740 171 0 52
2660 136 322 53
2740 171 119 54
2669 4040 122 55
2687 4041 56
2660 136 213 57
2814 58
2687 4041 56 59
2660 136 322 60
2740 171 0 61
2660 136 322 62
2687 4041 56 63
2740 171 64
2660 136 339 65
2660 136 308 66
2660 136 67
2740 171 0 68
2660 136 304 69
2740 171 0 70
2740 171 0 71
2464 4044 199 72
2740 171 0 73
2740 171 0 74
2660 136 322 75
2740 171 0 76
2740 171 0 77
2740 171 0 78
2740 171 119 79
2660 136 315 80
2814 58 269 81
2464 4044 199 82
2740 171 0 83
2660 136 304 84
2660 136 322 85
2740 171 0 86
2660 136 87
2660 136 322 88
2740 171 0 89
2740 171 0 90
2740 171 0 91
2740 171 0 92
2740 171 0 93
2660 136 315 94
2740 171 0 95
2709 4039 224 96
2740 171 0 97
2660 136 315 98
2740 171 0 99
2814 58 269 100
2740 171 0 101
2740 171 0 102
2660 136 103
2660 136 322 104
2660 136 315 105
2660 136 169 106
2825 1758 107
2660 136 21 108
2464 4044 109
2740 171 0 110
2740 171 0 111
2740 171 0 112
2660 136 304 113
2740 171 0 114
2740 171 0 115
2740 171 0 116
2660 136 285 117
2660 136 324 118
2740 171 119
2660 136 120
2660 136 315 121
2669 4040 122
2669 4040 122 123
2740 171 0 124
2660 136 125
2660 136 322 126
2660 136 21 127
2660 136 322 128
2660 136 339 129
2660 136 322 130
2740 171 0 131
2660 136 315 132
2660 136 322 133
2660 136 304 134
2740 171 0 135
2660 136
2740 171 0 137
2740 171 0 138
2740 171 0 139
2740 171 0 140
2660 136 304 141
2660 136 322 142
2740 171 0 143
2740 171 0 144
2740 171 0 145
2660 136 146
2740 171 0 147
2660 136 339 148
2740 171 0 149
2740 171 150
2740 171 0 151
2660 136 339 152
2740 171 0 153
2740 171 0 154
2740 171 0 155
2660 136 156
2740 171 0 157
2660 136 339 158
2660 136 21 159
2740 171 0 160
2660 136 339 161
2740 171 0 162
2740 171 150 163
2660 136 285 164
2660 136 169 165
2740 171 0 166
2740 171 0 167
2660 136 339 168
2660 136 169
2660 136 322 170
2740 171
2660 136 308 172
2740 171 0 173
2740 171 0 174
2740 171 0 175
2669 4040 122 176
2740 171 0 177
2660 136 322 178
2740 171 0 179
2740 171 0 180
2740 171 0 181
2740 171 0 182
2740 171 0 183
2660 136 21 184
2660 136 322 185
2660 136 322 186
2740 171 0 187
2660 136 322 188
2740 171 189
2740 171 0 190
2740 171 0 191
2740 171 0 192
2740 171 0 193
2740 171 0 194
2740 171 0 195
2660 136 285 196
2660 136 21 197
2740 171 0 198
2464 4044 199
2660 136 324 200
2740 171 0 201
2740 171 0 202
2660 136 324 203
2660 136 213 204
2740 171 0 205
2740 171 0 206
2660 136 322 207
2660 136 285 208
2740 171 0 209
2740 171 0 210
2660 136 315 211
2660 136 304 212
2660 136 213
2740 171 0 214
2740 171 0 215
2740 171 0 216
2740 171 217
2740 171 0 218
2740 171 0 219
2740 171 0 220
2660 136 322 221
2464 4044 199 222
2660 136 315 223
2709 4039 224
2740 171 0 225
2740 171 0 226
2740 171 0 227
2740 171 0 228
2740 171 119 229
2740 171 0 230
2660 136 315 231
2660 136 322 232
2740 171 0 233
2740 171 0 234
2660 136 156 235
2660 136 322 236
2740 171 0 237
2660 136 324 238
2660 136 322 239
2740 171 0 240
2740 171 0 241
2660 136 322 242
2740 171 0 243
2740 171 0 244
2740 171 0 245
2660 136 246
2660 136 120 247
2660 136 169 248
2660 136 315 249
2660 136 322 250
2669 4040 122 251
2660 136 324 252
2740 171 0 253
2740 171 0 254
2740 171 0 255
2740 171 0 256
2660 136 322 257
2660 136 156 258
2740 171 0 259
2660 136 339 260
2660 136 285 261
2740 171 0 262
2740 171 0 263
2740 171 0 264
2464 4044 199 265
2740 171 0 266
2740 171 0 267
2740 171 0 268
2814 58 269
2740 171 0 270
2660 136 322 271
2660 136 304 272
2740 171 0 273
2669 4040 122 274
2740 171 0 275
2660 136 322 276
2660 136 339 277
2740 171 0 278
2740 171 0 279
2660 136 322 280
2669 4040 122 281
2740 171 0 282
2740 171 0 283
2669 4040 122 284
2660 136 285
2740 171 0 286
2740 171 0 287
2660 136 315 288
2740 171 0 289
2660 136 322 290
2660 136 339 291
2740 171 0 292
2740 171 0 293
2740 171 0 294
2660 136 156 295
2740 171 0 296
2660 136 324 297
2464 4044 199 298
2740 171 0 299
2740 171 0 300
2660 136 324 301
2660 136 315 302
2660 136 322 303
2660 136 304
2740 171 0 305
2740 171 0 306
2740 171 0 307
2660 136 308
2740 171 0 309
2740 171 0 310
2740 171 0 311
2740 171 0 312
2660 136 339 313
2464 4044 199 314
2660 136 315
2740 171 0 316
2660 136 146 317
2660 136 169 318
2740 171 0 319
2740 171 0 320
2740 171 0 321
2660 136 322
2660 136 322 323
2660 136 324
2660 136 304 325
2740 171 0 326
2740 171 0 327
2740 171 0 328
2660 136 324 329
2740 171 0 330
2660 136 324 331
2660 136 324 332
2740 171 0 333
2660 136 339 334
2740 171 0 335
2740 171 0 336
2740 171 0 337
2660 136 308 338
2660 136 339
2660 136 339 340
2660 136 322 341
2660 136 322 342
2740 171 0 343
2669 4040 122 344
2660 136 322 345
2740 171 0 346
2660 136 339 347
2660 1912 563 348
2660 1912 563 534 349
2660 1912 563 350
2660 1912 563 348 351
2464 4044 525 352
2460 4043 1881 353
2669 4040 510 354
2669 4040 510 355
2660 1912 563 348 356
2660 1912 563 357
2660 1912 563 348 358
2669 4040 510 555 359
2669 4040 510 360
2669 4040 510 555 361
2543 4048 482 362
2464 4044 1545 363
2660 1912 563 348 364
2669 4040 408 365
2464 4044 366
2464 4044 525 367
2464 4044 525 368
2660 1912 563 369
2660 1912 563 370
2464 4044 525 542 371
2660 1912 428 570 372
2660 1912 563 373
2660 1912 563 374
2464 4044 525 375
2660 1912 563 376
2660 1912 563 348 377
2660 1912 563 378
2660 1912 563 348 379
2660 1912 563 554 380
2660 1912 563 554 381
2669 4040 510 555 382
2464 4044 525 387 383
2660 1912 563 350 384
2464 4044 525 524 385
2660 1912 563 348 386
2464 4044 525 387
2660 1912 563 567 388
2464 4044 1545 389
2464 4044 366 539 390
2660 1912 563 391
2464 4044 525 392
2660 1912 563 348 393
2669 4040 408 394
2464 4044 525 395
2669 4040 510 396
2660 1912 563 397
2464 4044 525 398
2660 1912 563 348 399
2464 4044 525 400
2660 1912 563 348 401
2660 1912 563 402
2669 4040 510 403
2464 4044 525 404
2660 1912 563 405
2464 4044 525 387 406
2660 1912 563 407
2669 4040 408
2464 4044 525 409
2669 4040 510 555 410
2660 1912 563 348 411
2464 4044 525 412
2464 4044 525 542 413
2709 4039 672 414
2660 1912 563 415
2660 1912 563 416
2709 4039 456 417
2669 4040 510 418
2464 4044 525 419
2660 1912 563 420
2660 1912 563 421
2709 4039 672 678 422
2464 4044 525 423
2660 1912 563 554 424
2660 1912 563 425
2660 1912 563 426
2660 1912 563 427
2660 1912 428
2464 4044 366 539 429
2660 1912 563 430
2660 1912 563 431
2660 1912 563 432
2660 1912 563 433
2660 1912 563 434
2660 1912 563 435
2660 1912 563 436
2660 1912 428 463 437
2660 1912 563 438
2660 1912 563 439
2464 4044 525 440
2660 1912 563 348 441
2660 1912 563 442
2660 1912 563 348 443
2660 1912 428 444
2669 4040 408 445
2543 4048 482 446
2660 1912 563 348 447
2660 1912 563 460 448
2660 1912 563 449
2464 4044 525 548 450
2660 1912 563 451
2669 4040 510 452
2660 1912 563 348 453
2660 1912 563 348 454
2660 1912 563 455
2709 4039 456
2660 1912 563 457
2669 4040 510 458
2660 1912 563 459
2660 1912 563 460
2464 4044 525 461
2464 4044 525 462
2660 1912 428 463
2660 1912 563 427 464
2464 4044 525 465
2464 4044 366 539 466
2660 1912 563 348 467
2660 1912 563 348 468
2660 1912 563 469
2669 4040 510 555 470
2660 1912 563 471
2660 1912 563 567 472
2464 4044 525 473
2464 4044 525 548 474
2740 171 1549 475
2660 1912 563 348 476
2660 1912 563 477
2660 1912 563 534 478
2464 4044 525 479
2660 1912 563 480
2669 4040 510 555 481
2543 4048 482
2543 4048 1893 483
2464 4044 1545 484
2660 1912 563 485
2660 1912 563 554 486
2464 4044 525 487
2669 4040 408 488
2669 4040 510 555 489
2464 4044 525 548 490
2464 4044 525 548 491
2660 1912 428 492
2464 4044 525 493
2709 4039 456 494
2709 4039 456 495
2543 4048 482 496
2464 4044 525 497
2660 1912 563 373 498
2660 1912 563 348 499
2660 1912 563 500
2660 1912 563 348 501
2464 4044 525 548 502
2464 4044 525 503
2660 1912 563 504
2660 1912 563 554 505
2660 1912 563 506
2660 1912 563 507
2660 1912 563 508
2660 1912 563 554 509
2669 4040 510
2464 4044 525 511
2464 4044 525 512
2660 1912 563 513
2464 4044 525 514
2464 4044 525 515
2660 1912 563 516
2464 4044 525 517
2660 1912 563 518
2669 4040 510 555 519
2660 1912 563 520
2669 4040 510 521
2660 1912 563 546 522
2660 1912 563 523
2464 4044 525 524
2464 4044 525
2653 1718 1540 526
2464 4044 525 527
2660 1912 563 528
2464 4044 366 539 529
2660 1912 563 348 530
2660 1912 563 531
2464 4044 525 462 532
2669 4040 510 533
2660 1912 563 534
2543 4048 1893 483 535
2464 4044 525 536
2464 4044 525 537
2464 4044 1545 538
2464 4044 366 539
2669 4040 408 560 540
2660 1912 563 541
2464 4044 525 542
2660 1912 563 543
2660 1912 563 544
2660 1912 563 545
2660 1912 563 546
2669 4040 510 555 547
2464 4044 525 548
2660 1912 563 549
2660 1912 563 348 550
2660 1912 563 554 551
2660 1912 563 350 552
2669 4040 510 553
2660 1912 563 554
2669 4040 510 555
2660 1912 563 556
2660 1912 428 570 557
2660 1912 428 558
2464 4044 525 559
2669 4040 408 560
2464 4044 525 561
2660 1912 563 504 562
2660 1912 563
2660 1912 563 348 564
2543 4048 482 565
2660 1912 563 566
2660 1912 563 567
2660 1912 563 541 568
2660 1912 563 569
2660 1912 428 570
2660 1912 563 504 571
2660 1912 563 348 572
2709 4039 672 573
2709 4039 672 678 574
2709 4039 672 654 575
2828 4042 640 576
2828 4042 640 577
2828 4042 640 578
2709 4039 672 654 579
2460 4043 1881 580
2709 4039 672 414 581
2828 4042 640 582
2828 4042 640 583
2709 4039 672 678 584
2709 4039 672 414 585
2660 1912 563 645 586
2464 4044 1545 651 587
2709 4039 672 678 588
2709 4039 672 654 589
2660 1912 428 609 590
2660 1912 428 591
2709 4039 672 592
2660 1912 563 566 593
2660 1912 563 594
2828 4042 640 595
2825 1758 107 596
2709 4039 672 654 597
2709 4039 672 654 598
2828 4042 640 599
2828 4042 640 600
2660 1912 428 601
2709 4039 672 414 602
2709 4039 672 654 603
2660 1912 563 604
2709 4039 672 678 605
2825 1758 1674 606
2709 4039 672 414 607
2709 4039 672 414 608
2660 1912 428 609
2660 1912 563 567 610
2709 4039 672 654 611
2709 4039 672 678 612
2709 4039 672 414 613
2660 1912 428 614
2828 4042 640 615
2709 4039 672 678 616
2709 4039 672 654 617
2709 4039 672 678 618
2709 4039 672 678 619
2709 4039 672 620
2709 4039 672 592 621
2709 4039 672 678 622
2709 4039 672 654 623
2709 4039 672 414 624
2709 4039 672 654 625
2709 4039 672 654 626
2828 4042 640 627
2828 4042 640 681 628
2543 4048 1893 629
2709 4039 672 630
2709 4039 672 678 631
2828 4042 640 632
2709 4039 672 653 633
2660 1912 563 634
2828 4042 640 635
2709 4039 672 678 636
2464 4044 1545 637
2709 4039 672 414 638
2709 4039 672 678 639
2828 4042 640
2460 4043 1881 641
2709 4039 672 414 642
2828 4042 640 643
2709 4039 672 654 644
2660 1912 563 645
2464 4044 1545 651 646
2828 4042 640 647
2709 4039 672 414 648
2825 1758 107 649
2828 4042 640 650
2464 4044 1545 651
2660 1912 563 556 652
2709 4039 672 653
2709 4039 672 654
2709 4039 672 630 655
2460 4043 1881 580 656
2709 4039 672 630 657
2828 4042 640 658
2828 4042 640 659
2709 4039 672 414 660
2828 4042 640 661
2828 4042 640 662
2709 4039 672 630 663
2709 4039 672 654 664
2828 4042 640 675 665
2709 4039 672 654 666
2660 1912 428 667
2709 4039 672 414 668
2660 1912 428 669
2828 4042 640 670
2660 1912 428 669 671
2709 4039 672
2660 1912 563 556 673
2709 4039 672 414 674
2828 4042 640 675
2660 1912 428 676
2709 4039 672 654 677
2709 4039 672 678
2709 4039 672 678 679
2709 4039 672 654 680
2828 4042 640 681
2709 4039 672 678 682
2660 1912 428 683
2709 4039 672 654 684
2709 4039 672 678 685
2709 4039 845 686
2543 4048 828 687
2709 4039 845 688
2709 4039 845 686 689
2543 4048 828 853 690
2709 4039 845 686 691
2709 4039 845 686 692
2543 4048 828 693
2709 4039 845 694
2543 4048 760 695
2709 4039 845 696
2543 4048 828 697
2834 1684 860 698
2709 4039 845 686 699
2709 4039 845 815 700
2709 4039 845 701
2709 4039 845 686 702
2709 4039 845 703
2543 4048 828 848 704
2709 4039 845 705
2543 4048 828 706
2709 4039 845 686 707
2543 4048 828 708
2543 4048 828 709
2543 4048 828 853 710
2543 4048 828 711
2709 4039 845 686 712
2709 4039 845 713
2709 4039 845 686 714
2543 4048 828 842 715
2709 4039 845 849 716
2709 4039 845 686 717
2543 4048 828 718
2709 4039 845 719
2543 4048 828 781 720
2543 4048 828 848 721
2543 4048 828 853 722
2543 4048 828 723
2543 4048 828 724
2709 4039 845 686 725
2709 4039 845 726
2709 4039 845 727
2543 4048 828 728
2543 4048 828 856 729
2709 4039 845 849 730
2543 4048 828 731
2709 4039 845 686 732
2543 4048 828 829 733
2543 4048 760 734
2543 4048 828 856 735
2543 4048 828 724 736
2543 4048 828 737
2543 4048 760 738
2543 4048 828 739
2543 4048 828 817 740
2543 4048 828 741
2543 4048 828 829 742
2709 4039 845 686 743
2543 4048 828 848 744
2709 4039 845 745
2709 4039 845 713 746
2543 4048 828 747
2709 4039 845 849 748
2709 4039 845 686 749
2709 4039 845 770 750
2543 4048 828 751
2543 4048 828 752
2543 4048 828 856 753
2543 4048 828 754
2709 4039 845 755
2543 4048 828 847 756
2543 4048 828 739 757
2709 4039 845 849 758
2543 4048 828 759
2543 4048 760
2543 4048 828 848 761
2543 4048 828 842 762
2709 4039 845 849 763
2543 4048 828 764
2543 4048 828 856 765
2543 4048 828 766
2709 4039 845 686 767
2709 4039 845 719 768
2543 4048 828 769
2709 4039 845 770
2543 4048 828 766 771
2709 4039 845 772
2543 4048 828 773
2543 4048 828 774
2709 4039 845 686 775
2834 1684 860 698 776
2709 4039 845 830 777
2543 4048 828 778
2543 4048 828 779
2709 4039 845 780
2543 4048 828 781
2543 4048 828 829 782
2709 4039 845 849 783
2543 4048 828 784
2543 4048 828 846 785
2543 4048 828 829 786
2709 4039 845 849 787
2709 4039 845 686 788
2709 4039 845 686 789
2709 4039 845 745 790
2709 4039 845 686 791
2543 4048 828 792
2709 4039 845 849 793
2543 4048 760 794
2543 4048 828 853 795
2543 4048 828 829 796
2543 4048 828 797
2543 4048 828 769 798
2709 4039 845 799
2709 4039 845 800
2709 4039 845 686 801
2709 4039 845 686 802
2543 4048 828 880 803
2543 4048 828 856 804
2543 4048 828 805
2709 4039 845 686 806
2543 4048 828 807
2543 4048 828 797 808
2543 4048 828 827 809
2543 4048 828 810
2543 4048 828 856 811
2543 4048 828 812
2709 4039 845 799 813
2543 4048 828 814
2709 4039 845 815
2709 4039 845 713 816
2543 4048 828 817
2543 4048 828 805 818
2543 4048 828 819
2709 4039 845 820
2543 4048 828 773 821
2543 4048 828 829 822
2543 4048 828 823
2543 4048 828 824
2543 4048 828 856 825
2543 4048 828 826
2543 4048 828 827
2543 4048 828
2543 4048 828 829
2709 4039 845 830
2543 4048 828 853 831
2709 4039 845 686 832
2709 4039 845 713 833
2543 4048 828 834
2543 4048 828 835
2543 4048 828 853 836
2543 4048 828 837
2543 4048 828 838
2709 4039 845 686 839
2543 4048 828 840
2709 4039 845 686 841
2543 4048 828 842
2543 4048 828 824 843
2543 4048 828 844
2709 4039 845
2543 4048 828 846
2543 4048 828 847
2543 4048 828 848
2709 4039 845 849
2543 4048 828 817 850
2543 4048 828 851
2709 4039 845 686 852
2543 4048 828 853
2543 4048 828 784 854
2709 4039 845 686 855
2543 4048 828 856
2460 4043 3851 3797 857
2834 1684 860 698 858
2834 1684 860 698 859
2834 1684 860
2543 4048 828 856 861
2460 4043 3851 3948 862
2543 4048 828 856 863
2543 4048 828 856 864
2834 1684 860 698 865
2834 1684 860 698 866
2834 1684 860 698 867
2834 1684 860 698 868
2543 4048 828 856 869
2834 1684 860 698 870
2834 1684 860 698 871
2834 1684 860 698 872
2834 1684 860 698 873
2834 1684 860 698 874
2834 1684 860 698 875
2543 4048 828 856 876
2834 1684 860 698 877
2543 4048 828 856 878
2834 1684 860 698 879
2543 4048 828 880
2834 1684 860 698 881
2543 4048 828 856 882
2834 1684 860 698 883
2834 1684 860 698 884
2834 1684 860 698 885
2834 1684 860 698 886
2834 1684 860 698 887
2543 4048 828 856 888
2543 4048 828 856 889
2543 4048 828 769 890
2834 1684 860 698 891
2834 1684 860 698 892
2543 4048 828 856 893
2834 1684 860 698 894
2834 1684 860 698 895
2543 4048 1893 896
2653 1718 1863 897
2825 1758 107 898
2825 1758 107 899
2822 1534 1825 900
2825 1758 1837 901
2709 4039 1596 902
2825 1758 1837 903
2740 171 904
2825 1758 107 905
2669 4040 1663 906
2464 4044 1845 907
2649 1465 908
2825 1758 1384 909
2825 1758 107 910
2825 1758 107 911
2825 1758 107 912
2460 4043 1881 913
2825 1758 107 914
2460 4043 1881 915
2653 1718 916
2543 4048 1893 917
2825 1758 107 918
2825 1758 107 919
2775 1405 1860 920
2653 1718 921
2687 4041 1909 922
2825 1758 923
2740 171 1549 924
2653 1718 925
2543 4048 1835 926
2775 1405 927
2822 1534 1825 928
2826 1505 929
2460 4043 1881 930
2825 1758 107 931
2464 4044 1845 932
2825 1758 107 933
2543 4048 1835 934
2825 1758 107 935
2464 4044 366 936
2825 1758 107 937
2825 1758 1837 938
2464 4044 1545 939
2825 1758 107 940
2543 4048 1893 941
2543 4048 1893 942
2825 1758 107 943
2825 1758 107 944
2825 1758 107 945
2775 1405 946
2464 4044 1845 947
2543 4048 948
2460 4043 1348 949
2826 1656 1687 950
2653 1718 951
2828 4042 1717 952
2828 4042 953
2543 4048 1893 954
2653 1718 1197 955
2641 4049 1548 956
2709 4039 1596 957
2825 1758 1837 958
2460 4043 1809 959
2653 1718 1863 960
2826 1505 961
2740 171 1549 962
2825 1758 1837 963
2828 4042 1482 964
2825 1758 107 965
2460 4043 1809 966
2775 1405 967
2653 1718 1540 968
2825 1758 107 969
2669 4040 970
2460 4043 1591 971
2460 4043 1809 972
2826 1656 973
2825 1758 107 974
2709 4039 1596 975
2464 4044 366 976
2828 4042 1482 977
2687 4041 1909 978
2825 1758 107 979
2464 4044 1845 980
2709 4039 1596 981
2464 4044 1845 982
2464 4044 1845 983
2543 4048 1893 984
2825 1758 107 985
2825 1758 107 986
2825 1758 987
2543 4048 1893 988
2825 1758 107 989
2822 990
2744 1726 991
2825 1758 1837 992
2828 4042 993
2828 4042 1459 994
2813 1419 995
2826 1505 996
2828 4042 1842 997
2653 1577 1173 998
2828 4042 1842 999
2825 1758 107 1000
2653 1718 1352 1001
2825 1758 107 1002
2775 1405 1851 1003
2828 4042 1842 1004
2825 1758 107 1005
2464 4044 1006
2825 1758 107 1007
2826 1505 1008
2543 4048 1893 1009
2740 171 1549 1010
2828 4042 1482 1011
2460 4043 1881 1012
2649 1465 1013
2543 4048 1893 1014
2828 4042 1459 1015
2825 1758 107 1016
2687 4041 1909 1017
2510 4047 1018
2709 4039 1596 1019
2543 4048 1893 1020
2543 4048 1893 1021
2825 1758 107 1022
2826 1656 1806 1023
2653 1718 1863 1024
2464 4044 1545 1025
2649 1465 1883 1026
2825 1758 107 1027
2653 1718 1028
2653 1577 1029
2653 1718 1197 1030
2707 1666 1031
2543 4048 1893 1032
2822 1642 1908 1033
2641 4049 1283 1034
2740 171 1549 1035
2709 4039 1596 1036
2740 171 1549 1037
2826 1656 1161 1038
2828 4042 1842 1039
2460 4043 1809 1040
2828 4042 1482 1041
2825 1758 107 1042
2825 1758 1384 1043
2709 4039 1596 1044
2825 1758 1593 1045
2825 1758 107 1046
2653 1718 1911 1047
2464 4044 1845 1048
2822 1534 1049
2707 1666 1822 1050
2543 4048 1444 1051
2460 4043 1881 1052
2826 1171 1053
2464 4044 1721 1054
2707 1666 1055
2828 4042 1842 1056
2825 1758 107 1057
2822 1642 1058
2775 1405 1851 1059
2543 4048 1893 1060
2826 1656 1687 1061
2653 1718 1540 1062
2460 4043 1809 1063
2709 4039 1596 1064
2825 1758 107 1065
2543 4048 1893 1066
2543 4048 1893 1067
2460 4043 1881 1068
2460 4043 1809 1069
2740 171 1549 1070
2825 1758 107 1071
2828 4042 1482 1072
2822 1642 1908 1073
2653 1577 1074
2464 4044 1845 1075
2828 4042 1842 1076
2822 1642 1077
2464 4044 1845 1078
2543 4048 1835 1079
2460 4043 1881 1080
2825 1758 107 1081
2709 4039 1596 1082
2775 1405 1851 1083
2822 1642 1519 1084
2460 4043 3851 1085
2828 4042 1842 1086
2826 1505 1087
2653 1718 1540 1088
2825 1758 107 1089
2825 1758 107 1090
2464 4044 1456 1091
2687 4041 1909 1092
2825 1758 107 1093
2464 4044 1545 1094
2825 1758 107 1095
2825 1758 107 1096
2825 1758 1837 1097
2707 1666 1098
2543 4048 1893 1099
2709 4039 1596 1100
2464 4044 1845 1101
2543 4048 1893 1102
2825 1758 107 1103
2543 4048 1893 1104
2825 1758 107 1105
2460 4043 1591 1106
2464 4044 1845 1107
2825 1758 107 1108
2740 171 1549 1109
2653 1718 1911 1110
2653 1718 1197 1111
2464 4044 1721 1112
2460 4043 1881 1113
2660 1912 428 1114
2709 4039 1596 1115
2464 4044 1845 1116
2828 4042 1842 1117
2825 1758 1837 1118
2825 1758 107 1119
2709 4039 1596 1120
2828 4042 1482 1121
2828 4042 993 1122
2653 1718 1911 1123
2653 1718 1911 1124
2828 4042 1842 1125
2610 4045 1126
2825 1758 107 1127
2543 4048 1835 1128
2709 4039 1596 1129
2653 1718 1863 1130
2460 4043 1348 1131
2653 1718 1863 1132
2653 1718 1590 1133
2825 1758 107 1134
2460 4043 1881 1135
2822 1534 1825 1136
2825 1758 1837 1137
2707 1666 1266 1138
2828 4042 1482 1139
2707 1666 1140
2825 1758 107 1141
2460 4043 1881 1142
2460 4043 1591 1143
2822 1534 1825 1144
2825 1758 107 1145
2744 1726 1146
2825 1758 107 1147
2709 4039 1596 1148
2464 4044 1845 1149
2826 1656 1150
2826 1171 1151
2825 1758 107 1152
2464 4044 1845 1153
2825 1758 107 1154
2775 1405 1637 1155
2464 4044 1845 1156
2687 4041 1909 1157
2543 4048 1893 1158
2460 4043 1591 1159
2828 4042 1842 1160
2826 1656 1161
2825 1758 107 1162
2653 1718 1863 1163
2775 1405 1765 1164
2825 1758 1165
2543 4048 1893 1166
2825 1758 107 1167
2825 1758 107 1168
2828 4042 1482 1169
2543 4048 1893 1170
2826 1171
2828 4042 1842 1172
2653 1577 1173
2822 1534 1825 1174
2775 1405 1175
2460 4043 1591 1176
2744 1726 991 1177
2825 1758 1178
2464 4044 1545 1179
2543 4048 1835 1180
2464 4044 1721 1181
2653 1718 1182
2653 1718 1540 1183
2641 4049 1184
2543 4048 1835 1185
2825 1758 1837 1186
2826 1656 1806 1187
2828 4042 1482 1188
2828 4042 1482 1189
2709 4039 1596 1190
2653 1718 1863 1191
2543 4048 1893 1192
2826 1505 1193
2825 1758 107 1194
2775 1405 1851 1195
2653 1718 1196
2653 1718 1197
2464 4044 1721 1198
2464 4044 1845 1199
2825 1758 107 1200
2828 4042 1842 1201
2825 1758 1858 1202
2744 1726 1555 1203
2543 4048 1893 1204
2828 4042 1842 1205
2825 1758 107 1206
2460 4043 1809 1207
2825 1758 107 1208
2543 4048 1835 1209
2740 171 1549 1210
2653 1718 1863 1211
2464 4044 1545 1212
2825 1758 107 1213
2641 4049 1214
2543 4048 1893 1215
2825 1758 1837 1216
2653 1718 1540 1217
2825 1758 1593 1218
2828 4042 1842 1219
2649 1465 1483 1220
2709 4039 1596 1221
2460 4043 1881 1222
2825 1758 1371 1223
2740 171 904 1224
2825 1758 107 1225
2828 4042 1482 1226
2543 4048 1893 1227
2740 171 1549 1228
2709 4039 1596 1229
2653 1718 1911 1230
2709 4039 1596 1231
2825 1758 1837 1232
2825 1758 107 1233
2825 1758 107 1234
2543 4048 1893 1235
2828 4042 1482 1236
2641 4049 1184 1237
2460 4043 1881 1238
2464 4044 1845 1239
2822 1642 1240
2825 1758 107 1241
2543 4048 1835 1242
2828 4042 1842 1243
2460 4043 1591 1244
2825 1758 107 1245
2828 4042 1482 1246
2825 1758 107 1247
2825 1758 107 1248
2825 1758 107 1249
2775 1405 1765 1250
2822 1534 1825 1251
2825 1758 107 1252
2825 1758 107 1253
2825 1758 1165 1254
2775 1405 1255
2653 1718 1863 1256
2709 4039 1596 1257
2543 4048 1444 1258
2828 4042 1482 1259
2825 1758 107 1260
2543 4048 1893 1261
2543 4048 1835 1262
2460 4043 1591 1263
2825 1758 107 1264
2669 4040 1265
2707 1666 1266
2543 4048 1835 1267
2825 1758 107 1268
2464 4044 1845 1269
2825 1758 107 1270
2460 4043 1809 1271
2775 1405 1272
2543 4048 1893 1273
2826 1656 1274
2828 4042 1482 1275
2825 1758 107 1276
2543 4048 1893 1277
2669 4040 1524 1278
2709 4039 1596 1279
2828 4042 1842 1280
2543 4048 1893 1281
2543 4048 1893 1282
2641 4049 1283
2460 4043 1591 1284
2460 4043 1809 1285
2543 4048 1893 1286
2828 4042 1287
2828 4042 1842 1288
2653 1577 1289
2464 4044 1845 1290
2641 4049 1291
2709 4039 1596 1292
2543 4048 1835 1293
2740 171 1549 1294
2825 1758 107 1295
2825 1758 107 1296
2826 1171 1297
2669 4040 1298
2828 4042 1482 1299
2660 1912 428 1300
2744 1726 1369 1301
2543 4048 1835 1302
2543 4048 1893 1303
2825 1758 107 1304
2641 4049 1305
2460 4043 1348 1306
2822 1534 1825 1307
2825 1758 107 1308
2543 4048 1893 1309
2825 1758 107 1310
2740 171 1549 1311
2653 1718 1312
2543 4048 948 1313
2825 1758 1837 1314
2828 4042 1459 1315
2825 1758 107 1316
2826 1656 1317
2460 4043 1881 1318
2825 1758 1837 1319
2464 4044 1545 1320
2653 1718 1911 1321
2709 4039 1596 1322
2828 4042 1842 1323
2543 4048 1893 1324
2826 1656 1687 1325
2825 1758 107 1326
2653 1718 1327
2822 1534 1825 1328
2775 1405 1329
2828 4042 1842 1330
2464 4044 1845 1331
2460 4043 1881 1332
2825 1758 1837 1333
2653 1718 1334
2828 4042 1842 1335
2460 4043 1809 1336
2653 1718 1911 1337
2740 171 1549 1338
2669 4040 1663 1339
2464 4044 1721 1340
2464 4044 1845 1341
2775 1405 1637 1342
2460 4043 1881 1343
2543 4048 1835 1344
2543 4048 1893 1345
2653 1577 1029 1346
2543 4048 1893 1347
2460 4043 1348
2464 4044 366 1349
2687 4041 1350
2464 4044 1845 1351
2653 1718 1352
2822 1642 1240 1353
2825 1758 107 1354
2825 1758 107 1355
2460 4043 1881 1356
2826 1505 1008 1357
2460 4043 1881 1358
2543 4048 1835 1359
2744 1726 1360
2653 1718 1361
2825 1758 107 1362
2825 1758 1837 1363
2653 1718 1540 1364
2828 4042 1842 1365
2460 4043 1591 1366
2641 4049 1367
2653 1718 1197 1368
2744 1726 1369
2460 4043 1809 1370
2825 1758 1371
2825 1758 107 1372
2543 4048 1893 1373
2660 1912 428 1374
2464 4044 1721 1375
2653 1718 1376
2460 4043 1881 1377
2825 1758 1837 1378
2709 4039 1596 1379
2460 4043 1809 1380
2460 4043 1591 1381
2543 4048 1893 1382
2687 4041 1909 1383
2825 1758 1384
2464 4044 1545 1385
2825 1758 107 1386
2744 1726 1387
2464 4044 1845 1388
2813 1419 1843 1389
2813 1419 1843 1390
2464 4044 1845 1391
2828 4042 1459 1392
2464 4044 1845 1393
2822 1642 1240 1394
2687 4041 1909 1395
2543 4048 1893 1396
2464 4044 366 1397
2653 1718 1863 1398
2464 4044 1845 1399
2464 4044 1545 1400
2641 4049 1291 1401
2460 4043 1809 1402
2825 1758 107 1403
2709 4039 1596 1404
2775 1405
2543 4048 1893 1406
2641 4049 1753 1407
2740 171 1549 1408
2653 1718 1863 1409
2822 1534 1825 1410
2653 1718 1618 1411
2740 171 1549 1412
2709 4039 1596 1413
2825 1758 107 1414
2828 4042 1482 1415
2543 4048 1835 1416
2653 1718 1621 1417
2825 1758 107 1418
2813 1419
2653 1718 1846 1420
2822 1534 1825 1421
2825 1758 107 1422
2460 4043 1591 1423
2825 1758 1837 1424
2740 171 1549 1425
2543 4048 1893 1426
2543 4048 1893 1427
2828 4042 1482 1428
2825 1758 107 1429
2825 1758 107 1430
2464 4044 1845 1431
2709 4039 1596 1432
2822 1534 1825 1433
2707 1666 1434
2828 4042 1717 1435
2460 4043 1881 1436
2813 1419 1437
2828 4042 1459 1438
2653 1718 1621 1439
2653 1718 1440
2707 1666 1441
2825 1758 107 1442
2825 1758 107 1443
2543 4048 1444
2826 1505 1445
2740 171 1549 1446
2653 1718 1863 1447
2543 4048 1893 1448
2653 1718 1863 1449
2819 3289 1450
2825 1758 107 1451
2825 1758 1837 1452
2653 1718 1621 1453
2543 4048 1893 1454
2464 4044 1545 1455
2464 4044 1456
2460 4043 1809 1457
2653 1718 1458
2828 4042 1459
2826 1505 1460
2825 1758 1461
2709 4039 1596 1462
2825 1758 107 1463
2543 4048 948 1464
2649 1465
2825 1758 107 1466
2775 1405 1467
2825 1758 1837 1468
2828 4042 1482 1469
2813 1419 1843 1470
2687 4041 1909 1471
2828 4042 1482 1472
2464 4044 1545 1473
2825 1758 107 1474
2543 4048 1893 1475
2822 1642 1476
2707 1666 1477
2464 4044 1545 1478
2543 4048 1893 1479
2825 1758 1480
2460 4043 1591 1481
2828 4042 1482
2649 1465 1483
2464 4044 1845 1484
2653 1718 1485
2826 1171 1486
2460 4043 1881 1487
2653 1718 1863 1488
2543 4048 1893 1489
2464 4044 366 1490
2828 4042 1842 1491
2653 1718 1334 1492
2825 1758 1837 1493
2822 1534 1825 1494
2543 4048 1893 1495
2464 4044 1545 1496
2460 4043 1881 1497
2649 1465 1483 1498
2822 1642 1552 1499
2543 4048 1444 1500
2687 4041 1909 1501
2543 4048 1893 1502
2825 1758 107 1503
2828 4042 1482 1504
2826 1505
2825 1758 107 1506
2460 4043 1348 1507
2543 4048 1893 1508
2653 1718 1509
2825 1758 107 1510
2826 1656 1511
2660 1912 428 1512
2653 1718 1513
2543 4048 1893 1514
2543 4048 1893 1515
2543 4048 1835 1516
2464 4044 1845 1517
2653 1718 1327 1518
2822 1642 1519
2464 4044 1520
2653 1718 1911 1521
2653 1718 1522
2653 1718 1523
2669 4040 1524
2740 171 1549 1525
2464 4044 1545 1526
2822 1642 1527
2826 1505 1528
2828 4042 1482 1529
2641 4049 1530
2825 1758 107 1531
2653 1718 1617 1532
2825 1758 1533
2822 1534
2813 1419 1843 1535
2460 4043 1881 1536
2826 1656 1806 1537
2653 1718 1780 1538
2543 4048 1835 1539
2653 1718 1540
2828 4042 1482 1541
2464 4044 1845 1542
2460 4043 1881 1543
2775 1405 1544
2464 4044 1545
2825 1758 107 1546
2460 4043 1809 1547
2641 4049 1548
2740 171 1549
2709 4039 1596 1550
2669 4040 1551
2822 1642 1552
2822 1642 1908 1553
2464 4044 1845 1554
2744 1726 1555
2687 4041 1610 1556
2464 4044 1845 1557
2775 1405 1860 1558
2813 1419 1843 1559
2825 1758 107 1560
2826 1656 1561
2610 4045 1126 1562
2653 1718 1852 1563
2707 1666 1564
2460 4043 1881 1565
2825 1758 107 1566
2822 1534 1825 1567
2825 1758 1837 1568
2460 4043 1591 1569
2828 4042 1842 1570
2653 1718 1911 1571
2669 4040 1524 1572
2543 4048 1893 1573
2740 171 1549 1574
2687 4041 1350 1575
2709 4039 1596 1576
2653 1577
2709 4039 1596 1578
2744 1726 1555 1579
2828 4042 1842 1580
2825 1758 107 1581
2543 4048 1893 1582
2709 4039 1596 1583
2464 4044 1845 1584
2707 1666 1585
2825 1758 107 1586
2543 4048 1893 1587
2826 1656 1806 1588
2464 4044 1845 1589
2653 1718 1590
2460 4043 1591
2828 4042 1459 1592
2825 1758 1593
2813 1419 1594
2543 4048 1893 1595
2709 4039 1596
2828 4042 1842 1597
2813 1419 1843 1598
2825 1758 107 1599
2543 4048 1835 1600
2825 1758 1837 1601
2825 1758 107 1602
2464 4044 1845 1603
2653 1718 1863 1604
2813 1419 1843 1605
2460 4043 1881 1606
2826 1171 1053 1607
2828 4042 1842 1608
2828 4042 1842 1609
2687 4041 1610
2709 4039 1596 1611
2775 1405 1612
2828 4042 1842 1613
2775 1405 1614
2826 1656 1806 1615
2460 4043 1881 1616
2653 1718 1617
2653 1718 1618
2460 4043 1809 1619
2460 4043 1881 1620
2653 1718 1621
2775 1405 1622
2687 4041 1909 1623
2740 171 1549 1624
2740 171 1549 1625
2653 1718 1626
2825 1758 107 1627
2709 4039 1596 1628
2825 1758 1837 1629
2653 1718 1540 1630
2464 4044 366 1631
2543 4048 1835 1632
2825 1758 107 1633
2828 4042 1482 1634
2687 4041 1350 1635
2543 4048 1893 1636
2775 1405 1637
2543 4048 1893 1638
2775 1405 1639
2825 1758 107 1640
2653 1718 1817 1641
2822 1642
2543 4048 1835 1643
2775 1405 1765 1644
2460 4043 1881 1645
2460 4043 1881 1646
2828 4042 1459 1647
2825 1758 1837 1648
2460 4043 1591 1649
2828 4042 1482 1650
2813 1419 995 1651
2460 4043 1809 1652
2543 4048 1835 1653
2464 4044 1545 1654
2460 4043 1591 1655
2826 1656
2825 1758 107 1657
2460 4043 1881 1658
2543 4048 1835 1659
2543 4048 948 1660
2543 4048 1893 1661
2464 4044 1845 1662
2669 4040 1663
2825 1758 107 1664
2464 4044 1845 1665
2707 1666
2825 1758 107 1667
2460 4043 1809 1668
2464 4044 1845 1669
2822 1642 1670
2460 4043 1881 1671
2825 1758 107 1672
2464 4044 366 1673
2825 1758 1674
2460 4043 1881 1675
2822 1534 1825 1676
2543 4048 948 1677
2744 1726 1678
2464 4044 1545 1679
2543 4048 1893 1680
2828 4042 1482 1681
2543 4048 1893 1682
2460 4043 1881 1683
2834 1684
2464 4044 1845 1685
2825 1758 107 1686
2826 1656 1687
2460 4043 1881 1688
2828 4042 1842 1689
2825 1758 107 1690
2709 4039 1596 1691
2460 4043 1881 1692
2822 1642 1240 1693
2464 4044 366 1694
2460 4043 1881 1695
2464 4044 1545 1696
2653 1718 1697
2822 1534 1825 1698
2653 1718 1540 1699
2653 1718 1617 1700
2822 1534 1701
2653 1718 1702
2740 171 1549 1703
2825 1758 107 1704
2822 1534 1825 1705
2543 4048 1893 1706
2464 4044 1845 1707
2826 1656 1687 1708
2828 4042 1482 1709
2826 1505 1528 1710
2653 1718 1540 1711
2653 1718 1863 1712
2543 4048 1444 1713
2653 1718 1846 1714
2460 4043 1591 1715
2709 4039 1596 1716
2828 4042 1717
2653 1718
2822 1534 1825 1719
2543 4048 1893 1720
2464 4044 1721
2687 4041 1909 1722
2828 4042 1842 1723
2464 4044 1721 1724
2825 1758 107 1725
2744 1726
2460 4043 1881 1727
2669 4040 1298 1728
2543 4048 1893 1729
2464 4044 1845 1730
2825 1758 107 1731
2825 1758 107 1732
2825 1758 1837 1733
2464 4044 1845 1734
2775 1405 1851 1735
2464 4044 1845 1736
2828 4042 1717 1737
2543 4048 1444 1738
2825 1758 107 1739
2740 171 1549 1740
2460 4043 1809 1741
2543 4048 1893 1742
2464 4044 1545 1743
2825 1758 107 1744
2660 1912 563 1745
2543 4048 1835 1746
2825 1758 1837 1747
2825 1758 107 1748
2825 1758 107 1749
2543 4048 1835 1750
2543 4048 1893 1751
2543 4048 1835 1752
2641 4049 1753
2464 4044 1845 1754
2825 1758 107 1755
2460 4043 1348 1756
2543 4048 1835 1757
2825 1758
2825 1758 107 1759
2825 1758 107 1760
2813 1419 1843 1761
2464 4044 1545 1762
2740 171 1549 1763
2460 4043 1591 1764
2775 1405 1765
2460 4043 1881 1766
2464 4044 1545 1767
2687 4041 1909 1768
2653 1718 1769
2828 4042 1482 1770
2653 1718 925 1771
2828 4042 1842 1772
2460 4043 1881 1773
2653 1718 1911 1774
2464 4044 1845 1775
2825 1758 107 1776
2649 1465 1013 1777
2740 171 1549 1778
2775 1405 1779
2653 1718 1780
2460 4043 1591 1781
2653 1718 1782
2543 4048 1893 1783
2825 1758 1837 1784
2825 1758 107 1785
2543 4048 1893 1786
2825 1758 1787
2825 1758 1384 1788
2828 4042 1717 1789
2464 4044 366 1790
2775 1405 1851 1791
2707 1666 1792
2464 4044 1845 1793
2460 4043 1881 1794
2543 4048 1835 1795
2464 4044 1721 1796
2641 4049 1214 1797
2825 1758 1837 1798
2464 4044 1845 1799
2460 4043 1881 1800
2740 171 1549 1801
2825 1758 1837 1802
2826 1656 1687 1803
2653 1718 1863 1804
2653 1718 1911 1805
2826 1656 1806
2460 4043 1591 1807
2826 1171 1053 1808
2460 4043 1809
2464 4044 1845 1810
2828 4042 1842 1811
2543 4048 1893 1812
2653 1718 1911 1813
2825 1758 107 1814
2460 4043 1348 1815
2543 4048 1835 1816
2653 1718 1817
2653 1718 1540 1818
2653 1718 1846 1819
2543 4048 1893 1820
2653 1718 1522 1821
2707 1666 1822
2543 4048 1835 1823
2543 4048 1893 1824
2822 1534 1825
2828 4042 1842 1826
2464 4044 1845 1827
2543 4048 1893 1828
2825 1758 107 1829
2825 1758 107 1830
2464 4044 1545 1831
2460 4043 1809 1832
2828 4042 1842 1833
2825 1758 107 1834
2543 4048 1835
2653 1718 1836
2825 1758 1837
2822 1534 1701 1838
2687 4041 1909 1839
2825 1758 107 1840
2709 4039 1596 1841
2828 4042 1842
2813 1419 1843
2740 171 1549 1844
2464 4044 1845
2653 1718 1846
2744 1726 1678 1847
2828 4042 1459 1848
2828 4042 1842 1849
2543 4048 1893 1850
2775 1405 1851
2653 1718 1852
2464 4044 1545 1853
2825 1758 107 1854
2825 1758 107 1855
2653 1577 1029 1856
2543 4048 1893 1857
2825 1758 1858
2709 4039 1596 1859
2775 1405 1860
2828 4042 1842 1861
2709 4039 1596 1862
2653 1718 1863
2464 4044 1845 1864
2653 1718 1911 1865
2826 1656 1806 1866
2460 4043 1881 1867
2828 4042 1842 1868
2828 4042 1482 1869
2543 4048 948 1870
2543 4048 1893 1871
2543 4048 1893 1872
2709 4039 1596 1873
2687 4041 1610 1874
2828 4042 1459 1875
2825 1758 1787 1876
2828 4042 1717 1877
2543 4048 948 1878
2653 1718 1863 1879
2825 1758 1837 1880
2460 4043 1881
2460 4043 1881 1882
2649 1465 1883
2709 4039 1596 1884
2460 4043 1881 1885
2460 4043 1809 1886
2460 4043 1591 1887
2653 1718 1863 1888
2825 1758 107 1889
2825 1758 107 1890
2543 4048 1835 1891
2825 1758 1787 1892
2543 4048 1893
2543 4048 1893 1894
2825 1758 1837 1895
2826 1171 1053 1896
2460 4043 1881 1897
2460 4043 1809 1898
2709 4039 1596 1899
2460 4043 1809 1900
2653 1718 1509 1901
2653 1718 1911 1902
2709 4039 1596 1903
2828 4042 1482 1904
2707 1666 1822 1905
2825 1758 107 1906
2510 4047 1018 1907
2822 1642 1908
2687 4041 1909
2460 4043 1881 1910
2653 1718 1911
2660 1912
2616 1913
2660 1914
2587 1915
2649 1916
2655 1917
2655 1918
2660 1919
2653 1920
2659 1921
2587 1922
2642 1923
2622 1924
2655 1925
2649 1926
2660 1927
2640 1928
2655 1929
2580 2411 1930
2659 1931
2653 1932
2587 1933
2540 1934
2660 1935
2644 1936
2656 2412 1937
2655 1938
2652 1939
2649 1940
2649 1941
2631 1942
2655 1943
2642 1944
2649 1945
2655 1946
2652 1947
2649 1948
2656 2277 1949
2659 1950
2660 1951
2458 1952
2655 1953
2659 1954
2653 1955
2634 1956
2659 1957
2659 1958
2652 1959
2659 1960
2535 1961
2655 1962
2655 1963
2651 1964
2656 1965
2655 1966
2660 1912 1967
2659 1968
2629 2385 1969
2652 1970
2655 1971
2660 1972
2660 1973
2651 1974
2534 1975
2659 1976
2566 1977
2534 1978
2655 1979
2659 1980
2652 1981
2594 1982
2655 1983
2655 1984
2655 1985
2655 1986
2581 1987
2650 1988
2631 1989
2644 1990
2660 1991
2650 1992
2655 1993
2629 1994
2660 1995
2581 1996
2655 1997
2660 1998
2647 1999
2647 2000
2660 2001
2642 2002
2652 2003
2660 2004
2655 2005
2660 2006
2653 2007
2455 2008
2660 2009
2649 2010
2660 2011
2494 2012
2459 2013
2648 2014
2659 2357 2015
2657 2016
2565 2017
2657 2018
2584 2019
2654 2020
2604 2021
2660 2022
2628 2023
2660 2024
2659 2025
2629 2026
2657 2027
2653 2028
2642 2029
2655 2030
2642 2031
2649 2032
2655 2033
2437 2034
2628 2035
2612 2036
2654 2037
2653 2038
2653 2039
2646 2040
2634 2041
2653 2042
2655 2043
2631 2044
2655 2045
2655 2046
2653 2047
2581 2048
2644 2049
2647 2050
2632 2051
2649 2052
2652 2053
2653 2054
2619 2055
2655 2056
2608 2057
2654 2058
2655 2059
2630 2060
2660 2061
2652 2062
2655 2063
2655 2064
2608 2065
2642 2066
2646 2067
2653 2068
2655 2069
2644 2070
2653 2071
2653 2072
2655 2073
2655 2074
2652 2075
2650 2076
2638 2077
2655 2078
2660 1912 2079
2656 2080
2653 2081
2644 2082
2655 2083
2638 2084
2612 2085
2655 2086
2653 2087
2655 2088
2628 2089
2655 2090
2659 2091
2607 2092
2655 2093
2535 2094
2655 2095
2603 2096
2660 2097
2638 2098
2555 2099
2558 2100
2652 2101
2649 2102
2655 2103
2655 2104
2570 2105
2437 2106
2656 2107
2655 2108
2655 2109
2652 2110
2653 2111
2655 2112
2614 2113
2656 2412 2114
2655 2115
2660 2116
2653 2117
2655 2118
2644 2119
2628 2120
2655 2121
2646 2122
2655 2123
2655 2124
2649 2125
2659 2126
2649 2127
2646 2128
2656 2129
2659 2130
2655 2131
2652 2132
2653 2133
2643 2134
2653 2135
2646 2136
2629 2137
2653 2138
2655 2139
2655 2140
2642 2141
2655 2142
2649 2143
2653 2144
2659 2145
2659 2146
2615 2147
2649 2148
2649 2149
2655 2150
2649 2151
2659 2405 2152
2653 2153
2655 2154
2642 2155
2659 2156
2648 2157
2523 2158
2659 2159
2659 2160
2652 2161
2540 2162
2649 2163
2638 2164
2655 2165
2659 2405 2166
2535 2167
2634 2421 2168
2649 2169
2650 2170
2660 2171
2655 2172
2540 2173
2653 2174
2642 2175
2649 2176
2509 2177
2581 2321 2178
2654 2179
2653 2180
2656 2181
2642 2182
2653 2183
2655 2184
2518 2185
2566 2186
2653 2187
2655 2188
2653 2189
2654 2190
2653 2191
2659 2192
2656 2193
2653 2194
2660 1912 2195
2653 2196
2659 2197
2642 2198
2653 2199
2655 2200
2655 2201
2659 2202
2649 2203
2437 2204
2473 2205
2655 2206
2650 2207
2608 2208
2642 2209
2655 2210
2656 2211
2655 2212
2654 2213
2624 2214
2629 2215
2655 2216
2618 2217
2655 2218
2612 2406 2219
2655 2220
2652 2221
2652 2222
2653 2223
2649 2224
2660 2225
2642 2226
2558 2227
2644 2228
2655 2229
2656 2313 2230
2628 2231
2649 2232
2655 2233
2584 2234
2652 2235
2644 2236
2655 2237
2562 2238
2642 2239
2655 2240
2649 2241
2642 2242
2652 2243
2655 2244
2535 2245
2643 2246
2643 2247
2644 2248
2589 2249
2649 2250
2644 2251
2509 2252
2655 2253
2653 2254
2650 2255
2624 2291 2256
2654 2257
2646 2258
2649 2259
2659 2260
2655 2261
2576 2262
2621 2263
2597 2264
2566 2265
2655 2266
2653 2267
2660 2268
2660 1912 2269
2642 2270
2655 2271
2642 2272
2649 2273
2652 2274
2655 2275
2655 2276
2656 2277
2655 2278
2649 2279
2652 2280
2535 2281
2653 2282
2653 2283
2660 2284
2629 2285
2534 2286
2630 2287
2478 2288
2653 2289
2655 2290
2624 2291
2653 2292
2629 2293
2652 2294
2649 2295
2642 2296
2659 2297
2637 2298
2655 2299
2646 2300
2570 2301
2653 2302
2526 2303
2642 2304
2572 2305
2655 2306
2655 2307
2655 2308
2655 2309
2603 2310
2646 2311
2616 2312
2656 2313
2540 2314
2643 2315
2597 2316
2644 2317
2651 2318
2653 2319
2650 2320
2581 2321
2656 2322
2655 2323
2655 2324
2642 2325
2655 2326
2652 2327
2652 2328
2638 2329
2649 2330
2655 2331
2653 2332
2653 2333
2655 2334
2534 2335
2653 2336
2647 2337
2649 2338
2655 2339
2655 2340
2659 2341
2644 2342
2649 2343
2652 2344
2635 2345
2659 2346
2655 2347
2655 2348
2650 2349
2615 2350
2649 2351
2655 2352
2654 2353
2655 2354
2641 2355
2655 2356
2659 2357
2580 2411 2358
2655 2359
2488 2360
2644 2361
2642 2362
2655 2363
2660 2364
2659 2365
2642 2366
2635 2367
2649 2368
2655 2369
2655 2370
2628 2371
2643 2372
2656 2373
2655 2374
2558 2375
2655 2376
2652 2377
2648 2378
2635 2379
2448 2380
2655 2381
2456 2382
2646 2383
2653 2384
2629 2385
2655 2386
2619 2387
2656 2313 2388
2626 2389
2652 2390
2625 2391
2646 2392
2584 2393
2652 2394
2655 2395
2652 2396
2644 2397
2653 2398
2649 2399
2629 2400
2650 2401
2614 2402
2618 2403
2655 2404
2659 2405
2612 2406
2655 2407
2655 2408
2655 2409
2655 2410
2580 2411
2656 2412
2616 2413
2655 2414
2652 2415
2642 2416
2649 2417
2654 2418
2649 2419
2653 2420
2634 2421
2558 2422
2655 2423
2659 2424
2642 2425
2650 2426
2611 2427
2655 2428
2646 2429
2786 2835
2804 2836
2809 2837
2834 1684 2838
2827 2839
2734 2840
2832 2841
2834 1684 2842
2816 2843
2825 2844
2823 2845
2785 2846
2819 3341 2847
2813 2848
2833 2849
2777 2850
2789 2851
2827 2852
2796 2853
2806 2854
2833 3280 2855
2784 2856
2799 3200 2857
2771 2858
2720 2859
2830 3168 2860
2799 2861
2800 2862
2833 2863
2800 2864
2831 2865
2827 2866
2827 2867
2825 2868
2833 2869
2820 2870
2780 2871
2827 2872
2810 2873
2810 2874
2833 2875
2791 2876
2827 2877
2751 2878
2703 2879
2810 2880
2803 2881
2818 2882
2813 2883
2777 2884
2834 1684 2885
2693 3310 2886
2810 2887
2807 2888
2767 2889
2827 2890
2806 2891
2787 2892
2771 2893
2833 2894
2772 2895
2786 2896
2827 2897
2771 3424 2898
2726 2899
2682 2900
2832 2901
2732 2902
2764 2903
2833 2904
2827 2905
2827 2906
2810 2907
2777 2908
2806 2909
2827 2910
2827 2911
2815 2912
2827 2913
2833 2914
2827 2915
2827 2916
2827 2917
2768 2918
2827 2919
2827 2920
2825 2921
2805 2922
2780 2923
2786 2924
2827 2925
2781 3425 2926
2810 2927
2810 2928
2827 2929
2732 2930
2786 2931
2787 2932
2827 3363 2933
2820 2934
2796 3274 2935
2833 2936
2833 2937
2778 2938
2833 2939
2810 2940
2822 2941
2825 2942
2827 2943
2827 2944
2810 2945
2818 2946
2775 2947
2806 2948
2693 2949
2793 2950
2830 2951
2789 3045 2952
2786 2953
2771 2954
2783 2955
2827 2956
2724 2957
2832 2958
2767 2959
2810 2960
2759 2961
2824 2962
2810 3084 2963
2758 2964
2753 2965
2827 2966
2806 2967
2734 3343 2968
2827 2969
2828 2970
2813 2971
2834 2972
2833 2973
2810 2974
2791 2975
2783 2976
2786 2977
2807 2978
2826 2979
2833 3267 2980
2786 2981
2703 2982
2805 2983
2804 2984
2827 2985
2827 2986
2827 2987
2810 2988
2828 2989
2830 2990
2833 2991
2833 2992
2827 2993
2827 2994
2797 2995
2831 2996
2805 2997
2781 3157 2998
2822 2999
2810 3000
2829 3001
2830 3002
2834 1684 3003
2806 3004
2781 3005
2833 2863 3006
2793 3007
2703 3008
2723 3009
2809 3010
2833 3011
2805 3012
2785 3013
2806 3014
2832 3015
2832 3016
2833 3017
2775 3018
2830 3019
2813 3020
2833 3021
2827 3022
2810 3023
2727 3024
2810 3025
2827 3026
2832 3027
2805 3028
2786 3029
2809 3030
2834 1684 3031
2801 3032
2827 3033
2787 3034
2833 3035
2809 3036
2792 3037
2833 3038
2796 3039
2827 3040
2812 3041
2763 3042
2751 3043
2800 3044
2789 3045
2795 3046
2782 3047
2803 3048
2833 3049
2832 3050
2833 3051
2782 3052
2799 3053
2827 3054
2817 3055
2815 3056
2760 3057
2785 3058
2789 3059
2833 3060
2724 3061
2829 3062
2641 4049 3063
2827 3064
2827 3065
2793 3072 3066
2818 3067
2829 3068
2829 3069
2793 3070
2834 1684 3071
2793 3072
2810 3073
2817 3074
2825 3075
2833 3076
2829 3077
2827 3078
2833 3079
2809 3080
2785 3081
2833 3082
2813 3020 3083
2810 3084
2815 3085
2829 3086
2816 3087
2791 3088
2833 3089
2827 3090
2824 3091
2738 3092
2772 3093
2765 3094
2759 3095
2827 3096
2793 3097
2827 3098
2784 3099
2803 3100
2833 3101
2833 3102
2793 3103
2809 3104
2799 3105
2828 3106
2772 3107
2827 3108
2785 3109
2795 3110
2796 3111
2778 3112
2833 3113
2821 3114
2833 3115
2833 3116
2810 3117
2823 3118
2821 3119
2828 3120
2808 3121
2799 3122
2810 3123
2832 3124
2829 3077 3125
2693 2949 3126
2817 3127
2822 2999 3128
2807 3129
2807 3130
2732 3131
2833 3132
2724 3133
2668 3134
2821 3135
2813 3136
2789 3137
2803 3138
2769 3139
2819 3140
2776 3141
2815 3142
2745 3143
2825 3431 3144
2823 3145
2833 3146
2774 3147
2828 3148
2827 3149
2833 3150
2781 3151
2833 3152
2745 3153
2833 3154
2833 3101 3155
2825 3156
2781 3157
2821 3158
2724 3405 3159
2793 3160
2778 3225 3161
2829 3162
2827 3163
2822 3164
2826 3165
2827 3166
2801 3167
2830 3168
2828 3169
2828 3170
2832 3171
2828 3172
2747 3173
2827 3174
2748 3175
2834 3176
2829 3177
2813 3178
2833 3179
2732 3180
2732 3181
2833 3182
2834 1684 3183
2806 3184
2833 3185
2775 3186
2816 3187
2833 3188
2730 3189
2820 3190
2830 3191
2819 3192
2763 3193
2748 3194
2827 3195
2803 3196
2833 3345 3197
2825 3198
2796 3199
2799 3200
2833 3201
2759 3202
2790 3203
2796 3204
2727 3205
2793 3206
2830 3207
2832 3208
2828 3209
2730 3210
2826 3211
2833 3212
2810 3213
2832 3214
2751 3215
2776 3216
2686 3217
2799 3218
2784 3219
2810 3220
2819 3221
2822 3222
2724 3223
2833 3224
2778 3225
2827 3226
2806 3324 3227
2786 3228
2738 3229
2834 1684 3230
2809 3231
2827 3232
2830 3233
2806 3234
2833 3397 3235
2810 3236
2806 3237
2786 3238
2833 3239
2793 3240
2829 3241
2772 3242
2786 3243
2820 3244
2823 3403 3245
2820 3246
2828 3247
2771 3248
2812 3249
2815 3250
2732 3251
2828 3252
2833 3253
2795 3254
2801 3255
2832 3256
2807 3257
2833 3258
2784 3259
2742 3260
2828 3261
2823 3262
2822 3263
2816 3264
2833 3265
2724 3266
2833 3267
2834 1684 3268
2809 3269
2833 3267 3270
2788 3271
2833 3272
2812 3273
2796 3274
2832 3275
2832 3276
2833 3277
2822 3278
2780 3279
2833 3280
2719 3281
2813 3136 3282
2834 3283
2827 3284
2829 3285
2806 3286
2823 3287
2833 3288
2819 3289
2834 1684 3290
2833 3291
2820 3292
2810 3293
2806 3294
2829 3295
2795 3296
2833 3297
2833 3298
2833 3299
2807 3300
2827 3301
2790 3302
2798 3303
2815 3304
2668 3305
2819 3306
2819 3307
2724 3308
2806 3309
2693 3310
2703 3311
2832 3312
2819 3313
2767 3314
2763 3315
2804 3316
2809 3317
2834 3318
2833 3319
2833 3320
2833 3321
2693 2949 3322
2702 3323
2806 3324
2834 3325
2831 3326
2804 3327
2819 3328
2784 3329
2833 3330
2811 3331
2833 3332
2809 3333
2829 3334
2832 3335
2693 2949 3336
2702 3337
2781 3425 3338
2782 3339
2826 3340
2819 3341
2819 3342
2734 3343
2828 3344
2833 3345
2830 3346
2833 3347
2827 3348
2784 3349
2833 3350
2833 3351
2785 3352
2832 3353
2799 3354
2833 3355
2829 3356
2772 3357
2825 3385 3358
2730 3359
2833 3360
2826 3361
2810 3362
2827 3363
2786 3364
2831 3365
2830 3366
2719 3367
2793 3072 3368
2816 3369
2724 3370
2728 3371
2732 3372
2700 3373
2795 3374
2677 3375
2781 3425 3376
2828 3377
2828 3378
2830 3379
2803 3380
2833 3381
2703 3382
2783 3383
2786 3384
2825 3385
2793 3386
2827 3387
2809 3388
2771 3389
2827 3390
2828 3391
2745 3392
2831 3393
2809 3394
2787 3395
2833 3396
2833 3397
2724 3405 3398
2782 3399
2807 3400
2781 3425 3401
2718 3402
2823 3403
2686 3404
2724 3405
2833 3406
2834 1684 3407
2816 3187 3408
2813 3409
2739 3410
2833 3411
2830 3412
2821 3413
2806 3414
2739 3415
2828 3416
2827 3417
2803 3418
2802 3419
2779 3420
2819 3421
2796 3422
2834 3423
2771 3424
2781 3425
2827 3426
2781 3425 3427
2807 3428
2831 3365 3429
2806 3430
2825 3431
2760 3432
2810 3433
2833 3434
2827 3435
2673 3436
2641 4049 3860 3437
2460 4043 3851 3438
2641 4049 3860 3437 3439
2460 4043 3851 3440
2641 4049 3860 3437 3441
2641 4049 3860 3437 3442
2464 4044 3558 3909 3443
2641 4049 3860 3437 3444
2641 4049 3860 3437 3445
2641 4049 3860 3437 3446
2641 4049 3860 3437 3447
2641 4049 3860 3448
2460 4043 3851 3449
2641 4049 3860 3450
2641 4049 3860 3437 3451
2709 4039 3596 3452
2641 4049 3860 3437 3453
2709 4039 3596 3880 3454
2641 4049 3860 3437 3455
2460 4043 3851 3456
2641 4049 3860 3938 3457
2464 4044 3558 3969 3458
2464 4044 3558 3945 3459
2464 4044 3558 3945 3460
2460 4043 3851 3968 3461
2709 4039 3596 3462
2464 4044 3558 3463
2464 4044 3558 3945 3464
2641 4049 3860 3437 3465
2464 4044 3558 3945 3466
2641 4049 3860 3830 3467
2828 4042 3524 3468
2464 4044 3558 3945 3469
2460 4043 3851 3796 3470
2460 4043 3851 3471
2641 4049 3860 3437 3472
2641 4049 3860 3437 3473
2464 4044 3558 3945 3474
2460 4043 3851 3475
2641 4049 3860 3437 3476
2460 4043 3851 3756 3477
2827 3417 4046 3747 3478
2641 4049 3860 3830 3479
2460 4043 3851 3971 3480
2641 4049 3860 3830 3481
2709 4039 3596 3832 3482
2828 4042 3524 3483
2460 4043 3851 3971 3484
2641 4049 3860 3966 3485
2464 4044 3558 3969 3486
2641 4049 3860 3437 3487
2641 4049 3860 3488
2641 4049 3860 3437 3489
2641 4049 3860 3437 3490
2460 4043 3851 3491
2641 4049 3860 3930 3492
2464 4044 3558 3493
2641 4049 3860 3437 3494
2641 4049 3860 3495
2460 4043 3851 3831 3496
2709 4039 3596 3497
2641 4049 3860 3437 3498
2464 4044 3558 3947 3499
2827 3417 4046 3747 3500
2460 4043 3851 3501
2641 4049 3860 3830 3502
2709 4039 3596 3503
2460 4043 3851 3677 3504
2827 3417 4046 3747 3505
2464 4044 3558 3506
2464 4044 3558 3506 3507
2827 3417 4046 3747 3508
2464 4044 3558 3951 3509
2464 4044 3558 3945 3510
2464 4044 3558 3909 3511
2460 4043 3851 3873 3512
2641 4049 3860 3437 3513
2641 4049 3860 3514
2464 4044 3558 3958 3515
2641 4049 3860 3830 3516
2460 4043 3851 3517
2641 4049 3860 3518
2641 4049 3860 3437 3519
2460 4043 3851 3971 3520
2709 4039 3596 3962 3521
2641 4049 3860 3930 3522
2641 4049 3860 3830 3523
2828 4042 3524
2460 4043 3851 3525
2460 4043 3851 3831 3526
2460 4043 3851 3527
2641 4049 3860 3528
2464 4044 3558 3947 3529
2641 4049 3860 3437 3530
2641 4049 3860 3437 3531
2464 4044 3558 3829 3532
2460 4043 3851 3948 3533
2464 4044 3558 3906 3534
2828 4042 3524 3535
2641 4049 3860 3437 3536
2641 4049 3860 3437 3537
2641 4049 3860 3437 3538
2464 4044 3558 3584 3539
2460 4043 3851 3540
2641 4049 3860 3437 3541
2709 4039 3596 3542
2641 4049 3860 3605 3543
2460 4043 3851 3674 3544
2641 4049 3860 3545
2641 4049 3860 3437 3546
2709 4039 3596 3779 3547
2460 4043 3851 3948 3548
2641 4049 3860 3437 3549
2460 4043 3851 3971 3550
2460 4043 3851 3525 3551
2641 4049 3860 3830 3552
2641 4049 3860 3437 3553
2464 4044 3558 3945 3554
2464 4044 3558 3829 3555
2460 4043 3851 3556
2641 4049 3860 3557
2464 4044 3558
2641 4049 3860 3930 3559
2641 4049 3860 3830 3560
2464 4044 3558 3945 3561
2641 4049 3860 3830 3562
2460 4043 3851 3968 3563
2464 4044 3558 3719 3564
2460 4043 3851 3756 3565
2460 4043 3851 3780 3566
2641 4049 3860 3437 3567
2464 4044 3558 3568
2464 4044 3558 3969 3569
2641 4049 3860 3437 3570
2641 4049 3860 3437 3571
2464 4044 3558 3869 3572
2641 4049 3860 3966 3573
2709 4039 3596 3574
2460 4043 3851 3672 3575
2641 4049 3860 3576
2460 4043 3851 3577
2641 4049 3860 3578
2641 4049 3860 3437 3579
2641 4049 3860 3437 3580
2641 4049 3860 3437 3581
2641 4049 3860 3437 3582
2464 4044 3558 3869 3583
2464 4044 3558 3584
2641 4049 3860 3437 3585
2460 4043 3851 3586
2827 3417 4046 3747 3587
2641 4049 3860 3437 3588
2641 4049 3860 3437 3589
2460 4043 3851 3756 3590
2464 4044 3558 3951 3591
2460 4043 3851 3677 3592
2464 4044 3558 3593
2641 4049 3860 3830 3594
2641 4049 3860 3437 3595
2709 4039 3596
2641 4049 3860 3437 3597
2641 4049 3860 3437 3598
2641 4049 3860 3437 3599
2460 4043 3851 3440 3600
2828 4042 3524 3601
2828 4042 3524 3602
2709 4039 3596 3603
2641 4049 3860 3604
2641 4049 3860 3605
2641 4049 3860 3437 3606
2827 3417 4046 3747 3607
2641 4049 3860 3437 3608
2460 4043 3851 3609
2709 4039 3596 3779 3610
2641 4049 3860 3611
2464 4044 3558 3945 3612
2641 4049 3860 3830 3613
2464 4044 3558 3945 3614
2641 4049 3860 3437 3615
2641 4049 3860 3437 3616
2464 4044 3558 3869 3617
2460 4043 3851 3618
2709 4039 3596 3880 3619
2464 4044 3558 3620
2641 4049 3860 3902 3621
2464 4044 3558 3719 3622
2828 4042 3524 3623
2641 4049 3860 3437 3624
2460 4043 3851 3625
2641 4049 3860 3437 3626
2709 4039 3596 3627
2709 4039 3596 3962 3628
2641 4049 3860 3437 3629
2464 4044 3558 3945 3630
2464 4044 3558 3903 3631
2641 4049 3860 3437 3632
2641 4049 3860 3633
2464 4044 3558 3945 3634
2709 4039 3596 3635
2641 4049 3860 3437 3636
2460 4043 3851 3756 3637
2641 4049 3860 3437 3638
2641 4049 3860 3830 3639
2641 4049 3860 3640
2641 4049 3860 3437 3641
2641 4049 3860 3642
2464 4044 3558 3643
2827 3417 4046 3747 3644
2828 4042 3524 3645
2464 4044 3558 3646
2641 4049 3860 3437 3647
2464 4044 3558 3648
2641 4049 3860 3830 3649
2641 4049 3860 3437 3650
2460 4043 3851 3651
2641 4049 3860 3437 3652
2641 4049 3860 3437 3653
2641 4049 3860 3938 3654
2827 3417 4046 3747 3655
2460 4043 3851 3968 3656
2641 4049 3860 3437 3657
2709 4039 3596 3658
2641 4049 3860 3930 3659
2464 4044 3558 3870 3660
2460 4043 3851 3948 3661
2641 4049 3860 3437 3662
2641 4049 3860 3437 3663
2641 4049 3860 3437 3664
2641 4049 3860 3437 3665
2641 4049 3860 3437 3666
2460 4043 3851 3968 3667
2464 4044 3558 3945 3668
2641 4049 3860 3830 3669
2709 4039 3596 3670
2464 4044 3558 3958 3671
2460 4043 3851 3672
2641 4049 3860 3437 3673
2460 4043 3851 3674
2641 4049 3860 3437 3675
2641 4049 3860 3437 3676
2460 4043 3851 3677
2641 4049 3860 3437 3678
2641 4049 3860 3437 3679
2464 4044 3558 3969 3680
2709 4039 3596 3681
2641 4049 3860 3437 3682
2460 4043 3851 3968 3683
2460 4043 3851 3684
2641 4049 3860 3437 3685
2709 4039 3596 3686
2641 4049 3860 3687
2460 4043 3851 3556 3688
2641 4049 3860 3721 3689
2464 4044 3558 3870 3690
2641 4049 3860 3830 3691
2460 4043 3851 3692
2460 4043 3851 3693
2828 4042 3524 3535 3694
2641 4049 3860 3830 3695
2827 3417 4046 3747 3696
2460 4043 3851 3971 3697
2827 3417 4046 3747 3698
2641 4049 3860 3437 3699
2641 4049 3860 3830 3700
2641 4049 3860 3437 3701
2709 4039 3596 3702
2460 4043 3851 3971 3703
2641 4049 3860 3437 3704
2464 4044 3558 3924 3705
2464 4044 3558 3924 3706
2641 4049 3860 3930 3707
2641 4049 3860 3437 3708
2641 4049 3860 3437 3709
2641 4049 3860 3437 3710
2464 4044 3558 3711
2641 4049 3860 3938 3712
2641 4049 3860 3437 3713
2464 4044 3558 3951 3714
2641 4049 3860 3437 3715
2641 4049 3860 3437 3716
2641 4049 3860 3830 3717
2464 4044 3558 3969 3718
2464 4044 3558 3719
2641 4049 3860 3437 3720
2641 4049 3860 3721
2641 4049 3860 3545 3722
2641 4049 3860 3437 3723
2828 4042 3524 3483 3724
2641 4049 3860 3437 3725
2464 4044 3558 3945 3726
2641 4049 3860 3437 3727
2641 4049 3860 3437 3728
2641 4049 3860 3437 3729
2709 4039 3596 3730
2641 4049 3860 3731
2641 4049 3860 3437 3732
2641 4049 3860 3437 3733
2460 4043 3851 3734
2641 4049 3860 3437 3735
2460 4043 3851 3968 3736
2641 4049 3860 3737
2464 4044 3558 3738
2641 4049 3860 3437 3739
2641 4049 3860 3437 3740
2460 4043 3851 3741
2641 4049 3860 3437 3742
2641 4049 3860 3437 3743
2641 4049 3860 3830 3744
2641 4049 3860 3437 3745
2641 4049 3860 3437 3746
2827 3417 4046 3747
2641 4049 3860 3437 3748
2641 4049 3860 3437 3749
2460 4043 3851 3750
2641 4049 3860 3437 3751
2464 4044 3558 3945 3752
2641 4049 3860 3437 3753
2464 4044 3558 3738 3754
2460 4043 3851 3971 3755
2460 4043 3851 3756
2641 4049 3860 3437 3757
2464 4044 3558 3758
2641 4049 3860 3437 3759
2709 4039 3596 3962 3760
2464 4044 3558 3945 3761
2709 4039 3596 3762
2464 4044 3558 3924 3763
2464 4044 3558 3881 3764
2641 4049 3860 3930 3765
2827 3417 4046 3747 3766
2464 4044 3558 3958 3767
2464 4044 3558 3768
2641 4049 3860 3437 3769
2828 4042 3524 3770
2464 4044 3558 3855 3771
2460 4043 3851 3968 3772
2641 4049 3860 3437 3773
2641 4049 3860 3437 3774
2641 4049 3860 3437 3775
2827 3417 4046 3747 3776
2464 4044 3558 3829 3777
2641 4049 3860 3437 3778
2709 4039 3596 3779
2460 4043 3851 3780
2641 4049 3860 3437 3781
2464 4044 3558 3782
2827 3417 4046 3747 3783
2464 4044 3558 3947 3784
2641 4049 3860 3785
2464 4044 3558 3786
2641 4049 3860 3437 3787
2709 4039 3596 3788
2641 4049 3860 3437 3789
2641 4049 3860 3790
2827 3417 4046 3747 3791
2464 4044 3558 3792
2464 4044 3558 3793
2464 4044 3558 3794
2641 4049 3860 3830 3795
2460 4043 3851 3796
2460 4043 3851 3797
2641 4049 3860 3437 3798
2641 4049 3860 3437 3799
2460 4043 3851 3800
2641 4049 3860 3437 3801
2641 4049 3860 3437 3802
2464 4044 3558 3906 3803
2641 4049 3860 3804
2460 4043 3851 3449 3805
2641 4049 3860 3437 3806
2641 4049 3860 3437 3807
2641 4049 3860 3437 3808
2827 3417 4046 3747 3809
2464 4044 3558 3810
2641 4049 3860 3437 3811
2641 4049 3860 3437 3812
2641 4049 3860 3830 3813
2641 4049 3860 3437 3814
2641 4049 3860 3437 3815
2464 4044 3558 3648 3816
2460 4043 3851 3817
2464 4044 3558 3866 3818
2641 4049 3860 3437 3819
2641 4049 3860 3437 3820
2464 4044 3558 3947 3821
2464 4044 3558 3969 3822
2828 4042 3524 3601 3823
2641 4049 3860 3824
2464 4044 3558 3793 3825
2464 4044 3558 3826
2641 4049 3860 3437 3827
2641 4049 3860 3828
2464 4044 3558 3829
2641 4049 3860 3830
2460 4043 3851 3831
2709 4039 3596 3832
2464 4044 3558 3969 3833
2464 4044 3558 3881 3834
2641 4049 3860 3437 3835
2464 4044 3558 3782 3836
2641 4049 3860 3437 3837
2641 4049 3860 3838
2460 4043 3851 3677 3839
2641 4049 3860 3437 3840
2460 4043 3851 3841
2460 4043 3851 3842
2464 4044 3558 3829 3843
2641 4049 3860 3437 3844
2460 4043 3851 3845
2641 4049 3860 3437 3846
2460 4043 3851 3677 3847
2641 4049 3860 3437 3848
2641 4049 3860 3437 3849
2641 4049 3860 3437 3850
2460 4043 3851
2460 4043 3851 3971 3852
2641 4049 3860 3437 3853
2641 4049 3860 3437 3854
2464 4044 3558 3855
2641 4049 3860 3437 3856
2641 4049 3860 3437 3857
2641 4049 3860 3858
2464 4044 3558 3870 3859
2641 4049 3860
2641 4049 3860 3604 3861
2641 4049 3860 3437 3862
2641 4049 3860 3437 3863
2641 4049 3860 3830 3864
2641 4049 3860 3437 3865
2464 4044 3558 3866
2641 4049 3860 3437 3867
2641 4049 3860 3437 3868
2464 4044 3558 3869
2464 4044 3558 3870
2641 4049 3860 3437 3871
2460 4043 3851 3797 3872
2460 4043 3851 3873
2641 4049 3860 3437 3874
2641 4049 3860 3437 3875
2641 4049 3860 3437 3876
2460 4043 3851 3877
2464 4044 3558 3903 3878
2641 4049 3860 3437 3879
2709 4039 3596 3880
2464 4044 3558 3881
2464 4044 3558 3792 3882
2641 4049 3860 3830 3883
2641 4049 3860 3884
2641 4049 3860 3437 3885
2460 4043 3851 3971 3886
2641 4049 3860 3437 3887
2460 4043 3851 3677 3888
2460 4043 3851 3889
2464 4044 3558 3826 3890
2641 4049 3860 3966 3891
2641 4049 3860 3437 3892
2464 4044 3558 3584 3893
2641 4049 3860 3437 3894
2464 4044 3558 3719 3895
2464 4044 3558 3969 3896
2641 4049 3860 3437 3897
2641 4049 3860 3830 3898
2641 4049 3860 3437 3899
2464 4044 3558 3969 3900
2641 4049 3860 3437 3901
2641 4049 3860 3902
2464 4044 3558 3903
2464 4044 3558 3584 3904
2641 4049 3860 3437 3905
2464 4044 3558 3906
2641 4049 3860 3437 3907
2709 4039 3596 3880 3908
2464 4044 3558 3909
2641 4049 3860 3437 3910
2641 4049 3860 3830 3911
2641 4049 3860 3437 3912
2641 4049 3860 3913
2464 4044 3558 3794 3914
2464 4044 3558 3945 3915
2641 4049 3860 3437 3916
2641 4049 3860 3437 3917
2641 4049 3860 3830 3918
2641 4049 3860 3830 3919
2827 3417 4046 3747 3920
2641 4049 3860 3437 3921
2641 4049 3860 3437 3922
2641 4049 3860 3437 3923
2464 4044 3558 3924
2641 4049 3860 3437 3925
2709 4039 3596 3926
2464 4044 3558 3945 3927
2460 4043 3851 3672 3928
2460 4043 3851 3948 3929
2641 4049 3860 3930
2464 4044 3558 3947 3931
2641 4049 3860 3437 3932
2827 3417 4046 3747 3933
2641 4049 3860 3930 3934
2641 4049 3860 3437 3935
2641 4049 3860 3437 3936
2464 4044 3558 3945 3937
2641 4049 3860 3938
2641 4049 3860 3437 3939
2641 4049 3860 3966 3940
2641 4049 3860 3930 3941
2641 4049 3860 3437 3942
2460 4043 3851 3943
2709 4039 3596 3962 3944
2464 4044 3558 3945
2641 4049 3860 3437 3946
2464 4044 3558 3947
2460 4043 3851 3948
2641 4049 3860 3437 3949
2460 4043 3851 3841 3950
2464 4044 3558 3951
2641 4049 3860 3437 3952
2641 4049 3860 3437 3953
2641 4049 3860 3437 3954
2641 4049 3860 3437 3955
2464 4044 3558 3945 3956
2641 4049 3860 3830 3957
2464 4044 3558 3958
2709 4039 3596 3503 3959
2827 3417 4046 3747 3960
2641 4049 3860 3437 3961
2709 4039 3596 3962
2641 4049 3860 3437 3963
2827 3417 4046 3747 3964
2641 4049 3860 3437 3965
2641 4049 3860 3966
2827 3417 4046 3747 3967
2460 4043 3851 3968
2464 4044 3558 3969
2709 4039 3596 3880 3970
2460 4043 3851 3971
2464 4044 3558 3945 3972
2464 4044 3558 3947 3973
2641 4049 3860 3437 3974
2641 4049 3860 3437 3975
2464 4044 3558 3947 3976
2641 4049 3860 3437 3977
2460 4043 3851 3625 3978
2709 4039 3596 3779 3979
2660 1912 563 594 3980
2660 1912 563 594 3980 3981
2660 1912 563 594 3980 3982
2660 1912 563 594 3980 3983
2660 1912 563 594 3980 3984
2660 1912 563 594 3980 3985
2660 1912 563 594 3980 3986
2660 1912 563 594 3980 3987
2660 1912 563 594 3980 3988
2660 1912 563 594 3989
2660 1912 563 594 3980 3990
2660 1912 563 594 4031 3991
2660 1912 563 594 3980 3992
2660 1912 563 594 3980 3993
2660 1912 563 594 3980 3994
2660 1912 563 594 3980 3995
2660 1912 563 594 3980 3996
2660 1912 563 594 3980 3997
2660 1912 563 594 3980 3998
2660 1912 563 594 3980 3999
2660 1912 563 594 3980 4000
2660 1912 563 594 3980 4001
2660 1912 563 594 4031 4002
2660 1912 563 594 3980 4003
2660 1912 563 594 4031 4004
2660 1912 563 594 3980 4005
2660 1912 563 594 3980 4006
2660 1912 563 594 3980 4007
2660 1912 563 594 3980 4008
2660 1912 563 594 3980 4009
2660 1912 563 594 3980 4010
2660 1912 563 594 4011
2660 1912 563 594 3980 4012
2660 1912 563 594 4031 4013
2660 1912 563 594 3980 4014
2660 1912 563 594 3980 4015
2660 1912 563 594 3980 4016
2660 1912 563 594 3980 4017
2660 1912 563 594 3980 4018
2660 1912 563 594 3980 4019
2660 1912 563 594 4031 4020
2660 1912 563 594 3980 4021
2660 1912 563 594 3980 4022
2660 1912 563 594 4031 4023
2660 1912 563 594 3980 4024
2660 1912 563 594 3980 4025
2660 1912 563 594 3980 4026
2660 1912 563 594 4031 4027
2660 1912 563 594 3980 4028
2660 1912 563 594 3980 4029
2660 1912 563 594 3980 4030
2660 1912 563 594 4031
2660 1912 563 594 3980 4032
2660 1912 563 594 3980 4033
2660 1912 563 594 3980 4034
2660 1912 563 594 3980 4035
2660 1912 563 594 3980 4036
2660 1912 563 594 3980 4037
2660 1912 563 594 4031 4038
2709 4039
2669 4040
2687 4041
2828 4042
2460 4043
2464 4044
2610 4045
2827 3417 4046
2510 4047
2543 4048
2641 4049

