Iteration: 1
1193 171 0
1193 171 119 1
1193 171 0 2
1193 171 0 3
1193 171 0 4
1193 171 0 5
1193 171 0 6
1197 1718 136 7
1193 171 0 8
1193 171 119 9
1193 171 0 10
1193 171 0 11
1193 171 0 12
1193 171 119 13
1193 171 0 14
1193 171 0 15
1193 171 0 16
1193 171 0 17
1193 171 0 18
1193 171 0 19
1193 171 0 20
1197 1718 136 21
1193 171 0 22
1193 171 0 23
1193 171 0 24
1193 171 119 25
1193 171 119 26
1193 171 119 27
1193 171 0 28
1193 171 0 29
1193 171 0 30
1193 171 0 31
1193 171 0 32
1193 171 0 33
1179 428 34
1193 171 0 35
1193 171 0 36
1193 171 0 37
1193 171 0 38
1193 171 119 39
1193 171 0 40
1193 171 0 41
1193 171 0 42
1193 171 0 43
1193 171 0 44
1193 171 0 45
1193 171 0 46
1193 171 0 47
1193 171 119 48
1193 171 0 49
1193 171 119 50
1193 171 0 51
1193 171 0 52
1193 171 0 53
1193 171 119 54
1193 171 0 55
1197 1718 136 56
1193 171 0 57
1171 3290 58
1193 171 0 59
1193 171 0 60
1193 171 0 61
1193 171 0 62
1193 171 0 63
1193 171 64
1193 171 0 65
1193 171 0 66
1197 1718 136 67
1193 171 0 68
1193 171 0 69
1193 171 0 70
1193 171 0 71
1193 171 0 72
1193 171 0 73
1193 171 0 74
1193 171 0 75
1193 171 0 76
1193 171 0 77
1193 171 0 78
1193 171 119 79
1023 649 173 80
1193 171 0 81
1193 171 119 82
1193 171 0 83
1193 171 0 84
1193 171 0 85
1193 171 0 86
1197 1718 136 87
1193 171 0 88
1193 171 0 89
1193 171 0 90
1193 171 0 91
1193 171 0 92
1193 171 0 93
1193 171 0 94
1193 171 0 95
1193 171 0 96
1193 171 0 97
1193 171 119 98
1193 171 0 99
1193 171 217 100
1193 171 0 101
1193 171 0 102
1197 1718 136 103
1193 171 0 104
1193 171 119 105
1193 171 0 106
1208 107
1193 171 0 108
1193 171 119 109
1193 171 0 110
1193 171 0 111
1193 171 0 112
1193 171 119 113
1193 171 0 114
1193 171 0 115
1193 171 0 116
1193 171 0 117
1193 171 0 118
1193 171 119
1197 1718 136 120
1193 171 0 121
1197 1718 136 122
1193 171 0 123
1193 171 0 124
1197 1718 136 125
1193 171 0 126
1193 171 0 127
1193 171 150 128
1193 171 0 129
1193 171 0 130
1193 171 0 131
1193 171 119 132
1193 171 0 133
1193 171 0 134
1193 171 0 135
1197 1718 136
1193 171 0 137
1193 171 0 138
1193 171 0 139
1193 171 0 140
1193 171 0 141
1193 171 0 142
1193 171 0 143
1193 171 0 144
1193 171 0 145
1197 1718 136 146
1193 171 0 147
1193 171 119 148
1193 171 0 149
1193 171 150
1193 171 0 151
1193 171 0 152
1193 171 0 153
1193 171 0 154
1193 171 0 155
1197 1718 136 156
1193 171 0 157
1193 171 0 158
1193 171 0 159
1193 171 0 160
1193 171 0 161
1193 171 0 162
1023 649 173 163
1193 171 0 164
1193 171 0 165
1025 348 198 166
1193 171 0 167
1193 171 0 168
1197 1718 136 169
1193 171 119 170
1193 171
1193 171 0 172
1023 649 173
1193 171 0 174
1193 171 0 175
1193 171 119 176
1193 171 0 177
1193 171 0 178
1193 171 0 179
1193 171 0 180
1193 171 0 181
1193 171 0 182
1193 171 0 183
1193 171 0 184
1193 171 119 185
1193 171 0 186
1193 171 0 187
1193 171 119 188
1193 171 189
1193 171 0 190
1193 171 0 191
1193 171 0 192
1193 171 0 193
1193 171 0 194
1193 171 0 195
1193 171 0 196
1193 171 0 197
1025 348 198
1193 171 119 199
1193 171 119 200
1193 171 0 201
1023 649 173 202
1193 171 119 203
1193 171 0 204
1193 171 0 205
1193 171 0 206
1193 171 0 207
1193 171 119 208
1193 171 0 209
1193 171 0 210
1193 171 0 211
1193 171 0 212
1197 1718 136 213
1193 171 0 214
1193 171 0 215
1193 171 0 216
1193 171 217
1193 171 0 218
1193 171 0 219
1193 171 0 220
1193 171 0 221
1193 171 0 222
1193 171 0 223
1193 171 0 224
1193 171 0 225
1193 171 0 226
1193 171 0 227
1193 171 0 228
1193 171 119 229
1193 171 0 230
1193 171 0 231
1193 171 0 232
1193 171 0 233
1193 171 0 234
1193 171 0 235
1193 171 0 236
1193 171 0 237
1193 171 0 238
1193 171 119 239
1193 171 0 240
1193 171 0 241
1193 171 0 242
1193 171 0 243
1193 171 0 244
1193 171 0 245
1197 1718 136 246
1193 171 0 247
1193 171 119 248
1193 171 0 249
1193 171 0 250
1193 171 0 251
1193 171 119 252
1193 171 0 253
1193 171 0 254
1193 171 0 255
1193 171 0 256
1193 171 0 257
1193 171 0 258
1193 171 0 259
1193 171 0 260
1193 171 119 261
1193 171 0 262
1193 171 0 263
1193 171 0 264
1193 171 0 265
1193 171 0 266
1193 171 0 267
1193 171 0 268
1193 171 119 269
1193 171 0 270
1193 171 119 271
1193 171 0 272
1193 171 0 273
1193 171 0 274
1193 171 0 275
1193 171 0 276
1193 171 119 277
1193 171 0 278
1193 171 0 279
1193 171 119 280
1193 171 0 281
1193 171 0 282
1193 171 0 283
1193 171 0 284
1197 1718 136 285
1193 171 0 286
1193 171 0 287
1193 171 0 288
1193 171 0 289
1193 171 0 290
1193 171 0 291
1193 171 0 292
1193 171 0 293
1193 171 0 294
1193 171 0 295
1193 171 0 296
1193 171 119 297
1193 171 0 298
1193 171 0 299
1193 171 0 300
1193 171 0 301
1193 171 0 302
1193 171 0 303
1197 1718 136 304
1193 171 0 305
1193 171 0 306
1193 171 0 307
1197 1718 136 308
1193 171 0 309
1193 171 0 310
1193 171 0 311
1193 171 0 312
1193 171 119 313
1193 171 0 314
1197 1718 136 315
1193 171 0 316
1193 171 0 317
1193 171 119 318
1193 171 0 319
1193 171 0 320
1193 171 0 321
1197 1718 136 322
1193 171 119 323
1193 171 217 324
1193 171 119 325
1193 171 0 326
1193 171 0 327
1193 171 0 328
1193 171 150 329
1193 171 0 330
1193 171 119 331
1193 171 119 332
1193 171 0 333
1193 171 0 334
1193 171 0 335
1193 171 0 336
1193 171 0 337
1193 171 0 338
1197 1718 136 339
1193 171 0 340
1193 171 0 341
1193 171 119 342
1193 171 0 343
1193 171 0 344
1193 171 0 345
1193 171 0 346
1193 171 0 347
1025 348
1025 348 349
1136 563 350
1025 348 351
1179 538 352
1155 353
1179 376 354
1179 475 355
1025 348 356
1136 563 357
1025 348 358
1179 475 359
1179 428 360
1179 475 361
1025 348 362
1179 363
1025 348 364
1025 348 365
1179 366
1155 566 367
1179 538 368
1136 563 369
1155 566 370
1025 348 371
1025 348 372
1179 651 373
1155 566 374
1179 538 375
1179 376
1025 348 377
1179 651 378
1025 348 379
1189 389 380
1189 389 381
1025 348 382
1025 348 383
1025 348 384
1204 483 385
1025 348 386
1179 517 387
1155 566 388
1189 389
1179 475 390
1204 637 391
1155 566 392
1025 348 393
1122 601 394
1204 637 395
1179 475 396
1136 563 397
1179 538 398
1025 348 399
1179 651 400
1025 348 401
1155 566 402
1179 475 403
1155 566 404
1136 563 405
1025 348 406
1136 563 407
1179 538 408
1179 538 409
1179 475 410
1025 348 411
1179 580 412
1179 376 413
1179 651 414
1136 563 415
1136 563 416
1155 566 417
1179 475 418
1179 538 419
936 420
1136 563 421
1122 601 422
1179 651 423
1189 389 424
1136 563 425
1136 563 426
1136 563 427
1179 428
1025 348 429
1155 566 430
1179 651 431
1155 566 432
1136 563 433
1179 580 434
1136 563 435
1179 651 436
1025 348 437
1179 651 438
1155 566 439
1179 538 440
1025 348 441
1136 563 442
1025 348 443
1179 538 444
1025 348 445
1179 517 446
1025 348 447
1025 348 448
1136 563 449
1179 475 450
1136 563 451
1155 566 452
1025 348 453
1025 348 454
1136 563 455
1155 566 456
1136 563 457
1179 475 458
1136 563 459
1155 566 460
1183 606 461
1179 538 462
1179 517 463
1025 348 464
1122 601 465
1025 348 466
1025 348 467
1025 348 468
1136 563 469
1025 348 470
1155 566 471
1025 348 472
1204 483 473
1179 475 474
1179 475
1025 348 476
1136 563 477
1025 348 478
1179 538 479
1136 563 480
1179 475 481
1179 517 482
1204 483
1179 484
1136 563 485
1189 389 486
1179 538 487
1179 517 488
1179 475 489
1179 475 490
1179 475 491
1179 651 492
1155 566 493
1179 538 494
1025 348 495
1179 641 496
1155 566 497
1025 348 498
1025 348 499
1179 651 500
1025 348 501
1179 475 502
1155 566 503
1136 563 504
1189 389 505
1183 606 506
1155 566 507
1136 563 508
1189 389 509
1136 563 510
1155 566 511
1179 538 512
1179 651 513
1179 580 514
1179 641 515
1136 563 516
1179 517
1136 563 518
1179 475 519
1136 563 520
1179 475 521
1025 348 522
1136 563 523
1179 651 524
1155 566 525
1191 526
1179 538 527
1136 563 528
1025 348 529
1025 348 530
1136 563 531
1025 348 532
1025 348 533
1136 563 534
1204 483 535
1179 538 536
1155 566 537
1179 538
1179 366 539
1155 353 540
1136 563 541
1183 606 542
1136 563 543
1179 580 544
1155 566 545
1136 563 546
1179 475 547
1179 475 548
1136 563 549
1025 348 550
1189 389 551
1025 348 552
1155 566 553
1136 563 554
1179 475 555
1136 563 556
1204 483 557
1179 428 558
1179 651 559
1179 538 560
1179 651 561
1025 348 562
1136 563
1025 348 564
1179 475 565
1155 566
1085 3437 567
1025 348 568
1136 563 569
1179 428 570
1025 348 571
1025 348 572
1148 596 677 573
1148 596 574
1179 641 630 575
1179 651 414 576
1179 651 414 577
1179 651 414 578
1148 596 677 579
1179 580
1179 651 414 581
1179 651 414 582
1179 651 414 583
1204 637 584
1179 651 414 585
1179 376 586
1179 651 587
1204 637 678 588
1148 596 589
1122 601 644 590
1179 651 591
1204 637 678 592
1155 566 593
1136 563 594
1179 651 414 595
1148 596
1148 596 677 597
1148 596 677 598
1179 651 414 599
1179 651 414 600
1122 601
1179 651 414 602
1148 596 677 603
1179 651 604
1204 637 678 605
1183 606
1179 651 414 607
1179 651 414 608
1122 601 609
1179 376 610
1148 596 677 611
1204 637 678 612
1179 651 414 613
1204 637 614
1179 651 414 615
1148 596 616
1148 596 677 617
1148 596 618
1204 637 678 619
1148 596 620
1148 596 663 621
1204 637 678 622
1148 596 677 623
1179 651 414 624
1148 596 677 625
1148 596 677 626
1179 651 414 627
1179 651 414 628
1204 1893 629
1179 641 630
1204 637 679 631
1179 651 414 632
1148 596 653 633
1179 651 634
1179 651 436 635
1204 637 678 636
1204 637
1179 651 414 638
1204 637 639
1179 651 414 640
1179 641
1179 651 414 642
1179 651 414 643
1122 601 644
1179 651 645
1179 651 646
1179 651 634 647
1179 651 414 648
1023 649
1179 651 414 650
1179 651
1179 376 652
1148 596 653
1179 651 683 654
1148 596 655
1179 580 656
1148 596 655 657
1179 651 414 658
1179 651 414 659
1148 596 616 660
1179 651 414 661
1179 651 414 662
1148 596 663
1148 596 653 664
1179 651 414 665
1148 596 653 666
1179 428 667
1179 651 414 668
1204 637 669
1179 651 414 670
1204 483 671
1204 637 678 672
1179 376 673
1179 651 414 674
1179 651 414 675
1155 566 676
1148 596 677
1204 637 678
1204 637 679
1148 596 677 680
1179 651 414 681
1204 637 679 682
1179 651 683
1148 596 677 684
1204 637 678 685
856 686
856 687
856 688
839 689
853 690
833 691
856 686 692
844 693
853 694
853 695
853 696
890 697
895 698
833 699
815 700
845 701
839 702
880 703
848 704
853 705
853 706
833 707
890 708
848 709
853 710
853 711
839 712
853 713
839 714
842 715
849 716
855 717
834 718
853 719
832 720
848 721
853 722
849 723
853 724
839 725
853 726
854 727
856 728
889 729
849 730
853 731
839 732
839 733
853 734
856 735
850 736
843 737
853 738
840 739
841 740
836 741
829 742
833 743
848 744
853 745
833 746
880 747
849 748
856 686 749
849 770 750
842 751
853 752
890 753
848 754
849 755
847 756
840 739 757
849 758
828 759
842 760
848 761
842 762
849 763
843 764
856 765
853 766
839 767
839 768
890 769
849 770
850 771
856 772
853 773
869 774
856 686 775
887 776
830 777
844 778
840 779
845 780
853 781
833 782
849 783
854 784
846 785
833 786
849 787
806 788
839 789
832 790
822 791
850 792
850 793
842 794
853 795
829 796
849 797
855 798
845 799
856 800
856 686 801
818 802
880 803
889 804
880 805
1184 1209
1179 1210
1199 1211
1135 1212
1170 1213
1201 1214
1204 1215
1186 1216
1183 1217
1177 1218
1199 1219
1029 1220
1204 1221
1205 1222
1183 1223
904 1224
1167 1225
1189 1226
1204 1227
1188 1228
1204 1229
1199 1230
1204 1231
1186 1232
1148 596 1233
1064 1234
1204 1235
1188 1236
1184 1237
1207 1238
1047 1239
1203 1240
1167 1241
1199 1242
1201 1243
1189 1244
1166 1245
1183 1246
1052 1247
1114 1248
1169 1249
1205 1250
1174 1251
1030 1252
1202 1253
1165 1254
1205 1255
1207 1256
1204 1257
1166 1258
1189 1259
1188 1260
1204 1261
1205 1835 1262
1117 1263
937 1264
1195 1265
1138 1266
1199 1267
1202 1268
1199 1269
1110 1711 1270
1207 1271
1196 1272
1204 1273
1085 1274
1188 1275
1205 1791 1276
1204 1277
1184 1278
1204 1279
1205 1280
1108 1281
1204 1282
1165 1283
1204 1284
1207 1285
1102 1286
1199 1287
1207 1288
1199 1289
1191 1290
1199 1291
1192 1292
1185 1293
1142 1294
1154 1295
1170 1296
1171 1297
1204 1298
1188 1299
1179 1300
1088 1301
1207 1302
1204 1303
1188 1304
1199 1305
1169 1306
1203 1307
1188 1308
1102 1309
1188 1310
1189 1311
1185 1312
1122 1313
1118 1314
1204 1315
1166 1316
1165 1317
1122 1318
1137 1319
1179 1320
1161 1321
1204 1322
1205 1323
1166 1324
1136 1325
1202 1326
1161 1327
1187 1328
1205 1329
1205 1330
1205 1331
1147 1332
1186 1333
1199 1334
1199 1335
1207 1336
1161 1337
1189 1338
1199 1339
1198 1340
1207 1341
1064 1342
1183 1343
1198 1344
1204 1345
1029 1346
1204 1347
1189 1348
1179 1349
1166 1350
1199 1351
1205 1352
1179 1357 1353
1089 1354
1188 1355
1154 1356
1179 1357
1179 1358
1207 1359
1203 1360
1205 1361
1189 1469 1362
1186 1363
968 1364
1199 1365
1189 1366
1199 1367
1197 1368
1182 1369
1207 1370
1137 1371
1064 1372
1204 1373
1179 1374
1198 1375
1199 1376
1205 1377
1137 1378
1204 1379
1207 1380
1158 1381
1166 1382
1157 1383
1165 1384
1013 1385
1208 107 1386
1193 1387
1205 1388
1205 1389
1207 1390
1205 1391
1158 1392
1199 1393
1203 1240 1394
1161 1909 1395
1166 1396
1095 1397
1199 1398
1199 1399
1179 1400
1156 1401
1199 1402
1177 1403
1148 1404
1182 1405
1170 1406
1199 1407
1155 1408
1207 1409
1187 1410
1205 1891 1411
1170 1412
1204 1413
1192 1872 1414
1189 1415
1199 1416
896 1417
1159 1418
1178 1419
1195 1420
1174 1421
1114 1422
1204 1423
1177 1424
962 1425
1204 1426
1142 1427
1189 1428
1204 1429
1113 1660 1430
1207 1431
1204 1432
1174 1433
1055 1434
1184 1435
1183 1436
1199 1437
1192 1438
1199 1439
1124 1440
1197 1441
1133 1442
1064 1443
1183 1444
1023 1445
1142 1446
1207 1447
1192 1448
1207 1449
1171 1450
1102 1451
1137 1452
1064 1453
1204 1454
1190 1545 1455
1207 1456
1199 1457
1130 1458
1204 1459
1175 1460
1178 1461
1204 1462
1086 1463
1142 1464
1171 1465
1208 107 1466
1199 1467
1137 1468
1189 1469
1205 1470
1207 1471
1189 1472
1159 1473
1134 1474
1204 1475
1150 1476
920 1477
1064 1478
1204 1479
1207 1480
1167 1481
1189 1482
1205 1483
1185 1484
1196 1485
1171 1486
1173 1487
1207 1488
1204 1489
1155 1490
1199 1491
1194 1492
1137 1493
1174 1494
1204 1495
1189 1496
1135 1497
1199 1827 1498
1177 1499
1188 1500
1157 1501
1204 1502
1204 1503
1188 1504
1193 1505
1155 1506
1189 1507
1102 1508
1205 1509
1179 1778 1510
1187 1511
1179 1512
1195 1513
1142 1514
1204 1515
1207 1516
1205 1517
1161 1518
1173 1519
1205 1520
1161 1911 1521
1205 1522
1184 1523
1184 1524
1183 1525
1110 1526
1173 1527
1191 1528
1189 1529
1199 1530
1154 1531
1198 1532
1186 1533
1173 1534
1205 1535
1188 1536
1085 1537
1199 1538
1199 1539
1183 1540
1189 1541
1207 1542
1154 1543
1197 1544
1190 1545
1177 1889 1546
1199 1547
1186 1548
1170 1549
1192 1550
1205 1551
1058 1552
1189 1553
1205 1554
1203 1555
1199 1556
1199 1557
1092 1860 1558
1205 1559
1208 107 1560
1165 1561
1138 1562
1199 1563
1055 1564
1142 1565
1064 1566
1187 1567
1137 1568
1183 1569
1205 1570
1207 1571
1184 1572
1204 1573
1200 1574
1128 1575
1204 1576
1173 1577
1192 1578
1098 1579
1205 1580
1208 107 1581
1108 1582
1204 1583
1207 1584
1193 1585
1194 1586
1204 1587
1203 1588
1199 1589
1195 1590
1204 1591
1192 1592
1187 1593
1195 1594
1192 1595
1204 1596
1199 1597
1207 1598
1162 1599
1201 1600
1137 1601
1142 1602
1199 1603
1207 1604
1207 1605
1179 1606
1057 1607
1205 1608
1205 1609
1207 1610
1204 1611
1199 1612
1199 1613
1199 1614
1187 1615
1179 1616
1199 1617
1196 1618
1207 1619
1199 1620
1201 1621
1199 1622
1199 1623
1169 1624
1142 1625
1161 1626
1027 1627
1204 1628
1137 1629
1189 1630
1179 1631
1199 1632
1167 1633
1188 1634
1204 1635
1204 1636
1205 1637
1192 1638
1195 1639
1134 1640
1178 1641
1171 1642
1198 1643
1198 1644
1179 1645
1135 1646
1204 1647
1137 1648
1204 1649
1143 1650
995 1651
1207 1652
1199 1653
1179 1767 1654
1204 1655
1161 1656
912 1657
1199 1658
1199 1659
1113 1660
1204 1661
1199 1662
1205 1663
1057 1664
1207 1665
1140 1666
1189 1667
1207 1668
1205 1669
953 1670
1064 1671
1139 1672
1179 1673
1173 1674
1205 1675
1174 1676
1155 1677
1126 1678
1155 1679
1204 1680
1189 1681
1204 1682
1198 1683
1171 1684
1205 1685
1183 1686
1174 1687
1184 1688
1201 1689
1188 1536 1690
1204 1691
1179 1692
1070 1760 1693
1064 1694
1142 1695
1162 1696
1033 1697
1187 1698
1183 1699
1184 1700
991 1701
1199 1702
1188 1703
1081 1704
1187 1705
1204 1706
1205 1707
1008 1708
1189 1709
1112 1710
1110 1711
1207 1712
1013 1713
1205 1714
1204 1715
1204 1716
1207 1717
1197 1718
1187 1719
1192 1720
1199 1721
1205 1722
1199 1723
1184 1724
1166 1725
1146 1726
1204 1727
1204 1728
1204 1729
1205 1730
1162 1731
1158 1732
1186 1733
1185 1734
1199 1735
1205 1736
1199 1737
1159 1738
1065 1739
1179 1740
1205 1741
1204 1742
1122 1743
1179 1744
1170 1745
1207 1746
1118 1747
1169 1748
1106 1749
1199 1750
1166 1751
1198 1752
1196 1753
1199 1754
1204 1347 1755
1131 1756
1199 1757
1178 1758
1127 1759
1070 1760
1199 1761
1190 1545 1762
1113 1763
1204 1764
1195 1765
1142 1766
1179 1767
1207 1768
1196 1769
1121 1770
1112 1771
1205 1772
1142 1773
1196 1774
1026 1775
912 1776
1013 1777
1179 1778
1161 1779
961 1780
1170 1781
1199 1782
1204 1783
1137 1784
1159 1785
1204 1786
1118 1787
1197 1788
1207 1789
1192 1790
1205 1791
920 1792
1205 1793
1183 1794
1199 1795
1205 1796
1205 1722 1797
1186 1798
1199 1799
1207 1800
1122 1801
1097 1802
1187 1803
1207 1804
1130 1805
1187 1806
1183 1807
1114 1808
1207 1809
1199 1810
1205 1811
1166 1812
1205 1813
1162 1814
1139 1815
1207 1816
922 1817
1052 1818
1198 1819
1204 1820
1199 1821
1055 1822
1207 1823
1204 1824
1174 1825
1207 1826
1199 1827
1204 1828
1064 1829
1120 1830
1189 1831
1207 1832
1207 1833
1208 107 1834
1205 1835
1196 1836
1186 1837
1193 1838
1207 1839
1127 1840
1204 1841
1205 1842
1195 1843
1155 1844
1199 1845
1195 1846
1203 1847
1108 1848
1205 1849
1103 1850
1197 1851
1196 1852
1080 1853
1208 107 1854
1037 1855
1029 1856
1204 1857
1202 1858
1204 1859
1092 1860
1205 1861
1192 1862
1191 1863
1205 1864
1150 1865
1187 1866
1199 1867
1207 1868
1139 1869
1113 1870
1204 1871
1192 1872
1204 1873
1132 1874
1204 1875
1188 1876
1184 1877
1155 1878
1207 1879
1118 1880
1142 1881
1179 1882
1171 1883
1192 1884
1135 1885
1207 1886
1204 1887
1207 1888
1177 1889
1105 1890
1205 1891
1137 1892
1204 1893
1204 1894
1186 1895
1177 1896
1110 1897
1207 1898
1204 1899
1173 1900
1162 1901
1205 1902
1204 1903
1169 1904
1055 1905
1139 1906
1148 1907
1171 1908
1161 1909
1094 1910
1161 1911
1197 1718 1912
1173 1577 1913
1197 1718 1912 1914
1197 1718 1912 1915
1197 1718 1916
1197 1718 2543 1917
1197 1718 2543 1918
1197 1718 2143 1919
1197 1718 1920
1173 1577 2533 1921
1197 1718 1912 1922
1197 1718 2642 1923
1197 1718 1912 1924
1197 1718 2543 1925
1197 1718 1926
1197 1718 1954 1927
1173 1577 2417 1928
1171 1465 2542 1929
1197 1718 2117 1930
1197 1718 2143 1931
1197 1718 1932
1197 1718 1912 1933
1197 1718 1912 1934
1173 1577 2389 1935
1173 1577 2047 1936
1197 1718 1912 1937
1197 1718 2543 1938
1197 1718 2643 1939
1197 1718 1940
1173 1577 1941
1171 1465 2266 1942
1197 1718 2543 1943
1197 1718 2642 1944
1197 1718 1945
1197 1718 2543 1946
1197 1718 1947
1197 1718 1948
1197 1718 1912 1949
1197 1718 1912 1950
1197 1718 1954 1951
1173 1577 2458 1952
1197 1718 2543 1953
1197 1718 1954
1197 1718 1955
1197 1718 1912 1956
1197 1718 1912 1957
1197 1718 1912 1958
1173 1577 1959
1197 1718 1912 1960
1173 1577 2128 1961
1197 1718 2543 1962
1171 1465 2542 1963
1197 1718 2642 1964
1197 1718 2325 1965
1171 1465 2542 1966
1136 563 1967
1173 1577 2472 1968
1173 1577 2385 1969
1173 1577 2608 1970
1197 1718 2543 1971
1197 1718 2629 1972
1197 1718 2616 1973
1197 1718 2368 1974
1197 1718 2368 1975
1173 1577 2472 1976
1197 1718 1912 1977
1173 1577 2047 1978
1197 1718 2543 1979
1197 1718 2143 1980
1197 1718 2617 1981
1173 1577 2594 1982
1197 1718 2543 1983
1197 1718 2543 1984
1173 1577 2597 1985
1171 1465 2542 1986
1197 1718 2510 1987
1173 1577 2594 1988
1197 1718 2543 1989
1173 1577 2047 1990
1197 1718 1912 1991
1197 1718 1912 1992
1197 1718 2543 1993
1173 1577 1994
1173 1577 2417 1995
1197 1718 1912 1996
1197 1718 2543 1997
1197 1718 1912 1998
1197 1718 2143 1999
1173 1577 2472 2000
1173 1577 2472 2001
1173 1577 2002
1197 1718 2003
1173 1577 2417 2004
1197 1718 2543 2005
1197 1718 1912 2006
1197 1718 2007
1197 1718 1912 2008
1173 1577 2472 2009
1197 1718 2010
1173 1577 2472 2011
1197 1718 1912 2012
1197 1718 1912 2013
1197 1718 1912 2014
1197 1718 1912 2015
1197 1718 1912 2016
1197 1718 1912 2017
1173 1577 2472 2018
1197 1718 2007 2019
1197 1718 2543 2020
1197 1718 2543 2021
1173 1577 2472 2022
1173 1577 2047 2023
1197 1718 2268 2024
1197 1718 1912 2025
1173 1577 2026
1197 1718 2268 2027
1197 1718 2028
1197 1718 2642 2029
1197 1718 2543 2030
1197 1718 2031
1197 1718 2032
1197 1718 2543 2033
1197 1718 1912 2034
1197 1718 1912 2035
1197 1718 2289 2036
1197 1718 2543 2037
1197 1718 2038
1173 1577 2039
1173 1577 2567 2040
1197 1718 1912 2041
1197 1718 2042
1197 1718 2543 2043
1197 1718 2512 2044
1197 1718 2543 2045
1197 1718 2543 2046
1173 1577 2047
1173 1577 2544 2048
1173 1577 2047 2049
1197 1718 1912 2050
1197 1718 1912 2051
1197 1718 2052
1173 1577 2053
1197 1718 2054
1197 1718 2543 2055
1173 1577 2468 2056
1173 1577 2608 2057
1173 1577 2594 2058
1197 1718 2543 2059
1171 1465 2542 2060
1197 1718 2143 2061
1173 1577 2062
1173 1577 2347 2063
1197 1718 2543 2064
1171 1465 2065
1197 1718 2642 2066
1197 1718 2189 2067
1197 1718 2068
1197 1718 2543 2069
1197 1718 1912 2070
1197 1718 2071
1197 1718 2072
1197 1718 2543 2073
1171 1465 2542 2074
1197 1718 2617 2075
1197 1718 1912 2076
1173 1577 2347 2077
1197 1718 2543 2078
1197 1718 1912 2079
1173 1577 2047 2080
1197 1718 2081
1197 1718 1926 2082
1197 1718 2543 2083
1197 1718 2512 2084
1173 1577 2047 2085
1197 1718 2543 2086
1197 1718 2087
1197 1718 2543 2088
1197 1718 1912 2089
1197 1718 2543 2090
1197 1718 1912 2091
1197 1718 2189 2092
1197 1718 2543 2093
1197 1718 1912 2094
1197 1718 2616 2095
1197 1718 2509 2096
1197 1718 1912 2097
1197 1718 2543 2098
1197 1718 2555 2099
1197 1718 1912 2100
1173 1577 2101
1197 1718 2102
1197 1718 2543 2103
1171 1465 2542 2104
1197 1718 1912 2105
1197 1718 1912 2106
1197 1718 2325 2107
1197 1718 2543 2108
1197 1718 2543 2109
1197 1718 2511 2110
1197 1718 2111
1197 1718 2543 2112
1197 1718 1912 2113
1197 1718 2176 2114
1197 1718 2543 2115
1197 1718 2642 2116
1197 1718 2117
1197 1718 2543 2118
1197 1718 1912 2119
1197 1718 1912 2120
1171 1465 2542 2121
1171 1465 2542 2122
1197 1718 2543 2123
1197 1718 2543 2124
1197 1718 2125
1197 1718 2283 2126
1197 1718 2127
1173 1577 2128
1197 1718 1912 2129
1197 1718 1912 2130
1197 1718 2547 2131
1197 1718 2132
1197 1718 2133
1173 1577 2134
1173 1577 2135
1197 1718 2543 2136
1173 1577 2137
1173 1577 2138
1197 1718 2543 2139
1197 1718 2543 2140
1197 1718 2642 2141
1197 1718 2543 2142
1197 1718 2143
1197 1718 2144
1197 1718 2642 2145
1197 1718 1912 2146
1171 1465 2266 2147
1197 1718 2148
1197 1718 2149
1197 1718 2543 2150
1197 1718 2151
1197 1718 1912 2152
1197 1718 2153
1171 1465 2542 2154
1197 1718 2155
1197 1718 1912 2156
1173 1577 2417 2157
1197 1718 1912 2158
1197 1718 2143 2159
1197 1718 1912 2160
1197 1718 2649 2161
1197 1718 2325 2162
1173 1577 2163
1171 1465 2542 2164
1197 1718 2543 2165
1197 1718 2289 2166
1197 1718 1912 2167
1197 1718 1912 2168
1197 1718 2169
1197 1718 2399 2170
1173 1577 2417 2171
1197 1718 2543 2172
1173 1577 2047 2173
1197 1718 2174
1197 1718 2642 2175
1197 1718 2176
1197 1718 2509 2177
1197 1718 1912 2178
1173 1577 2347 2179
1197 1718 2180
1197 1718 1912 2181
1197 1718 2642 2182
1173 1577 2183
1197 1718 2543 2184
1197 1718 2185
1173 1577 2047 2186
1197 1718 2187
1197 1718 2543 2188
1197 1718 2189
1197 1718 2543 2190
1173 1577 2191
1173 1577 2472 2192
1173 1577 2047 2193
1173 1577 2194
1197 1718 1912 2195
1197 1718 2196
1197 1718 1912 2197
1197 1718 2198
1197 1718 2199
1171 1465 2542 2200
1197 1718 2543 2201
1173 1577 2389 2202
1197 1718 2203
1197 1718 1912 2204
1197 1718 2325 2205
1197 1718 2543 2206
1197 1718 1912 2207
1173 1577 2608 2208
1197 1718 2642 2209
1173 1577 2567 2210
1197 1718 2642 2211
1197 1718 2543 2212
1171 1465 2542 2213
1173 1577 2302 2214
1173 1577 2215
1197 1718 2543 2216
1197 1718 1912 2217
1197 1718 2543 2218
1197 1718 1912 2219
1197 1718 2543 2220
1197 1718 2511 2221
1197 1718 2617 2222
1197 1718 2223
1197 1718 2224
1173 1577 2472 2225
1197 1718 2642 2226
1197 1718 1912 2227
1197 1718 2199 2228
1197 1718 2543 2229
1197 1718 2283 2230
1197 1718 2133 2231
1197 1718 2649 2232
1197 1718 2642 2233
1171 1465 2266 2234
1197 1718 2617 2235
1197 1718 1912 2236
1197 1718 2543 2237
1197 1718 1912 2238
1197 1718 2239
1197 1718 2543 2240
1197 1718 2241
1197 1718 2642 2242
1197 1718 2617 2243
1197 1718 2543 2244
1197 1718 1912 2245
1197 1718 2246
1197 1718 2247
1173 1577 2047 2248
1197 1718 2589 2249
1197 1718 2250
1197 1718 1912 2251
1197 1718 2509 2252
1197 1718 2543 2253
1197 1718 2254
1197 1718 1912 2255
1197 1718 2133 2256
1197 1718 2543 2257
1171 1465 2542 2258
1197 1718 2649 2259
1197 1718 2289 2260
1197 1718 2543 2261
1171 1465 2266 2262
1197 1718 1912 2263
1197 1718 2264
1197 1718 1912 2265
1171 1465 2266
1197 1718 2267
1197 1718 2268
1197 1718 1912 2269
1197 1718 2642 2270
1197 1718 2543 2271
1197 1718 2642 2272
1173 1577 2273
1197 1718 2511 2274
1197 1718 2543 2275
1197 1718 2543 2276
1173 1577 2047 2277
1197 1718 2629 2278
1173 1577 2279
1197 1718 2617 2280
1197 1718 1912 2281
1197 1718 2282
1197 1718 2283
1197 1718 1912 2284
1173 1577 2285
1173 1577 2047 2286
1171 1465 2542 2287
1173 1577 2468 2288
1197 1718 2289
1197 1718 2543 2290
1197 1718 2289 2291
1197 1718 2292
1173 1577 2293
1197 1718 2294
1173 1577 2295
1197 1718 2642 2296
1197 1718 1954 2297
1173 1577 2298
1171 1465 2542 2299
1197 1718 2543 2300
1197 1718 1912 2301
1173 1577 2302
1171 1465 2266 2303
1197 1718 2642 2304
1173 1577 2385 2305
1197 1718 2543 2306
1171 1465 2542 2307
1171 1465 2542 2308
1173 1577 2605 2309
1197 1718 2461 2310
1171 1465 2266 2311
1197 1718 2616 2312
1197 1718 2325 2313
1173 1577 2047 2314
1173 1577 2315
1173 1577 2597 2316
1197 1718 2117 2317
1197 1718 2642 2318
1197 1718 2319
1197 1718 1912 2320
1197 1718 1912 2321
1197 1718 2642 2322
1197 1718 2543 2323
1197 1718 2543 2324
1197 1718 2325
1171 1465 2542 2326
1173 1577 2327
1197 1718 2328
1197 1718 2543 2329
1197 1718 2330
1197 1718 2543 2331
1173 1577 2332
1197 1718 2333
1197 1718 2543 2334
1173 1577 2047 2335
1197 1718 2336
1197 1718 1912 2337
1173 1577 2338
1173 1577 2468 2339
1197 1718 2543 2340
1197 1718 1912 2341
1197 1718 2283 2342
1197 1718 2343
1197 1718 2344
1197 1718 2617 2345
1173 1577 2389 2346
1173 1577 2347
1197 1718 2543 2348
1197 1718 1912 2349
1197 1718 2588 2350
1173 1577 2351
1171 1465 2542 2352
1197 1718 2543 2353
1197 1718 2543 2354
1173 1577 2355
1197 1718 2543 2356
1197 1718 1912 2357
1197 1718 2283 2358
1171 1465 2542 2359
1197 1718 1912 2360
1197 1718 2199 2361
1197 1718 2642 2362
1197 1718 2543 2363
1197 1718 2268 2364
1197 1718 2143 2365
1197 1718 2642 2366
1197 1718 2617 2367
1197 1718 2368
1197 1718 2543 2369
1197 1718 2543 2370
1173 1577 2047 2371
1173 1577 2372
1197 1718 1912 2373
1197 1718 2543 2374
1197 1718 1912 2375
1171 1465 2542 2376
1173 1577 2377
1173 1577 2417 2378
1197 1718 2617 2379
1197 1718 1912 2380
1197 1718 2543 2381
1197 1718 1912 2382
1197 1718 2007 2383
1173 1577 2384
1173 1577 2385
1197 1718 2543 2386
1171 1465 2542 2387
1197 1718 1912 2388
1173 1577 2389
1197 1718 2617 2390
1171 1465 2542 2391
1173 1577 2592 2392
1171 1465 2542 2393
1197 1718 2394
1197 1718 2543 2395
1197 1718 2617 2396
1173 1577 2047 2397
1173 1577 2398
1197 1718 2399
1197 1718 2629 2400
1173 1577 2594 2401
1197 1718 1912 2402
1173 1577 2047 2403
1171 1465 2542 2404
1197 1718 1912 2405
1197 1718 2325 2406
1197 1718 2543 2407
1197 1718 2543 2408
1197 1718 2543 2409
1197 1718 2543 2410
1173 1577 2047 2411
1197 1718 1912 2412
1173 1577 2413
1197 1718 2543 2414
1197 1718 2617 2415
1197 1718 2642 2416
1173 1577 2417
1171 1465 2542 2418
1197 1718 2419
1173 1577 2420
1197 1718 1912 2421
1197 1718 1912 2422
1197 1718 2543 2423
1197 1718 1912 2424
1197 1718 2642 2425
1197 1718 2510 2426
1197 1718 2512 2427
1197 1718 2543 2428
1173 1577 2594 2429
1197 1718 2543 2430
1197 1718 1912 2431
1197 1718 2509 2432
1197 1718 2543 2433
1197 1718 2617 2434
1197 1718 1912 2435
1197 1718 2436
1197 1718 1912 2437
1197 1718 2643 2438
1197 1718 1912 2439
1197 1718 2289 2440
1197 1718 1912 2441
1197 1718 1912 2442
1171 1465 2542 2443
1197 1718 1912 2444
1173 1577 2445
1197 1718 2543 2446
1173 1577 2417 2447
1197 1718 2289 2448
1173 1577 2594 2449
1197 1718 1912 2450
1197 1718 2451
1197 1718 2498 2452
1197 1718 2176 2453
1171 1465 2542 2454
1197 1718 1912 2455
1197 1718 1912 2456
1197 1718 1912 2457
1173 1577 2458
1197 1718 2529 2459
1171 1465 2542 2460
1197 1718 2461
1197 1718 2543 2462
1197 1718 2463
1197 1718 2543 2464
1173 1577 2465
1197 1718 2399 2466
1197 1718 2543 2467
1173 1577 2468
1197 1718 2543 2469
1197 1718 1912 2470
1197 1718 2471
1173 1577 2472
1197 1718 2649 2473
1197 1718 2289 2474
1197 1718 2475
1171 1465 2266 2476
1171 1465 2266 2477
1197 1718 2543 2478
1197 1718 2617 2479
1197 1718 2642 2480
1197 1718 1912 2481
1197 1718 2543 2482
1197 1718 1912 2483
1171 1465 2542 2484
1197 1718 2543 2485
1197 1718 1912 2486
1197 1718 1912 2487
1197 1718 1912 2488
1197 1718 2543 2489
1173 1577 2398 2490
1197 1718 2491
1197 1718 2543 2492
1197 1718 2419 2493
1197 1718 1912 2494
1197 1718 2543 2495
1171 1465 2496
1173 1577 2047 2497
1197 1718 2498
1173 1577 2347 2499
1171 1465 2542 2500
1171 1465 2501
1173 1577 2502
1173 1577 2047 2503
1171 1465 2266 2504
1197 1718 1912 2505
1197 1718 2543 2506
1197 1718 2543 2507
1197 1718 2508
1197 1718 2509
1197 1718 2510
1197 1718 2511
1197 1718 2512
1197 1718 1912 2513
1197 1718 2588 2514
1197 1718 1912 2515
1173 1577 2516
1197 1718 2133 2517
1197 1718 2642 2518
1173 1577 2519
1171 1465 2542 2520
1197 1718 2543 2521
1173 1577 2608 2522
1197 1718 1912 2523
1171 1465 2501 2524
1197 1718 2642 2525
1197 1718 2543 2526
1197 1718 1912 2527
1197 1718 1912 2528
1197 1718 2529
1171 1465 2530
1197 1718 2616 2531
1171 1465 2542 2532
1173 1577 2533
1173 1577 2047 2534
1197 1718 1912 2535
1171 1465 2542 2536
1197 1718 2649 2537
1173 1577 2417 2538
1171 1465 2542 2539
1197 1718 2642 2540
1197 1718 1912 2541
1171 1465 2542
1197 1718 2543
1173 1577 2544
1197 1718 1912 2545
1197 1718 2543 2546
1197 1718 2547
1197 1718 1912 2548
1171 1465 2542 2549
1171 1465 2542 2550
1173 1577 2597 2551
1171 1465 2542 2552
1171 1465 2542 2553
1173 1577 2347 2554
1197 1718 2555
1171 1465 2542 2556
1197 1718 2642 2557
1197 1718 1912 2558
1197 1718 2543 2559
1173 1577 2567 2560
1197 1718 2543 2561
1197 1718 1912 2562
1171 1465 2542 2563
1197 1718 2543 2564
1197 1718 1912 2565
1173 1577 2047 2566
1173 1577 2567
1171 1465 2501 2568
1197 1718 1912 2569
1197 1718 1912 2570
1197 1718 2598 2571
1197 1718 2543 2572
1197 1718 2543 2573
1171 1465 2542 2574
1197 1718 2543 2575
1197 1718 2512 2576
1197 1718 1912 2577
1197 1718 2543 2578
1197 1718 2543 2579
1173 1577 2047 2580
1197 1718 2498 2581
1197 1718 2582
1197 1718 2268 2583
1197 1718 2189 2584
1197 1718 1954 2585
1197 1718 2543 2586
1197 1718 1912 2587
1197 1718 2588
1197 1718 2589
1197 1718 2543 2590
1173 1577 2347 2591
1173 1577 2592
1197 1718 2543 2593
1173 1577 2594
1197 1718 1912 2595
1197 1718 1912 2596
1173 1577 2597
1197 1718 2598
1197 1718 2653 2599
1197 1718 2543 2600
1197 1718 2543 2601
1197 1718 2543 2602
1197 1718 2617 2603
1197 1718 2543 2604
1173 1577 2605
1197 1718 2543 2606
1197 1718 2543 2607
1173 1577 2608
1173 1577 2609
1197 1718 2616 2610
1197 1718 2543 2611
1197 1718 2325 2612
1197 1718 1912 2613
1197 1718 1912 2614
1197 1718 2543 2615
1197 1718 2616
1197 1718 2617
1197 1718 2283 2618
1197 1718 2543 2619
1197 1718 2143 2620
1197 1718 1912 2621
1197 1718 1912 2622
1197 1718 2543 2623
1197 1718 2543 2624
1197 1718 2543 2625
1173 1577 2389 2626
1197 1718 2143 2627
1197 1718 2117 2628
1197 1718 2629
1197 1718 2543 2630
1197 1718 2543 2631
1197 1718 1912 2632
1197 1718 1912 2633
1197 1718 1912 2634
1197 1718 2598 2635
1197 1718 1912 2636
1197 1718 2642 2637
1197 1718 2543 2638
1173 1577 2472 2639
1173 1577 2417 2640
1197 1718 2642 2641
1197 1718 2642
1197 1718 2643
1173 1577 2047 2644
1197 1718 2268 2645
1197 1718 2543 2646
1197 1718 1912 2647
1197 1718 2143 2648
1197 1718 2649
1197 1718 1912 2650
1197 1718 1912 2651
1197 1718 2617 2652
1197 1718 2653
1197 1718 2543 2654
1171 1465 2542 2655
1197 1718 1912 2656
1197 1718 1912 2657
1197 1718 1954 2658
1197 1718 1954 2659
1197 1718 2268 2660
1171 1684 2661
1171 1684 2662
1171 1684 2663
1171 1684 2664
990 3328 2665
1171 1684 2666
1171 1684 2667
1171 1684 2668
1171 1684 2669
1171 1684 2670
1171 1684 2671
1171 1684 2672
1171 1684 2673
1171 1684 2674
990 3136 2675
1171 1684 2676
1171 2677
990 2678
1171 1684 2679
1171 1684 2680
1171 1684 2681
1171 1684 2682
1171 1684 2683
1171 1684 2684
990 3263 2685
990 3136 2686
1171 1684 2687
990 3328 2688
1171 1684 2689
1171 1684 2690
1171 1684 2691
1171 1684 2692
990 3361 2693
1171 1684 2694
1171 1684 2695
990 3248 2696
1171 1684 2697
1171 1684 2698
1171 1684 2699
990 3328 2700
1171 1684 2701
990 3136 2702
1171 1684 2703
1171 1684 2704
1171 1684 2705
1171 1684 2706
1171 1684 2707
1171 1684 2708
1171 1684 2709
1171 1684 2710
1171 1684 2711
1171 1684 2712
1171 1684 2713
1171 1684 2714
1171 1684 2715
990 3263 2716
1171 1684 2717
990 3263 2718
990 3005 2719
990 3263 2720
1171 1684 2721
1171 1684 2722
1171 1684 2723
990 3263 2724
1171 1684 2725
1171 1684 2726
1171 1684 2727
1171 1684 2728
1171 1684 2729
990 3136 2730
1171 1684 2731
1171 1684 2732
1171 1684 2733
990 3057 2734
1171 1684 2735
990 3248 2736
1171 1684 2737
1171 1684 2738
1171 1684 2739
1171 1684 2740
1171 1684 2741
1171 1684 2742
1171 1684 2743
1146 1726 2744
1171 1684 2745
1171 1684 2746
1171 1684 2747
1171 1684 2748
1171 1684 2749
1171 1684 2750
1171 1684 2751
1171 1684 2752
1171 1684 2753
1171 1684 2754
1171 1684 2755
1171 1684 2756
1171 1684 2757
990 3136 2758
1171 1684 2759
990 2760
1171 1684 2761
990 3248 2762
1171 1684 2763
990 3361 2764
1171 1684 2765
1171 1684 2766
1171 1684 2767
990 3263 2768
1171 1684 2769
1171 1684 2770
990 3248 2771
990 3328 2772
1171 1684 2773
1171 1684 2774
1171 1684 2775
1171 1684 2776
1171 1684 2777
1171 1684 2778
1171 1684 2779
990 3136 2780
990 3136 2781
1171 1684 2782
1171 1684 2783
990 3136 2784
1171 1684 2785
1171 1684 2786
1171 1684 2787
1171 1684 2788
1171 1684 2789
990 2760 2790
990 3136 2791
1171 1684 2792
990 3136 2793
1171 1684 2794
1171 1684 2795
1171 1684 2796
1171 1684 2797
1171 1684 2798
1171 1684 2799
1171 1684 2800
1171 1684 2801
1171 1684 2802
1171 1684 2803
1171 1684 2804
1171 1684 2805
1171 1684 2806
1171 1684 2807
1171 1684 2808
1171 1684 2809
1171 1684 2810
1171 1684 2811
1171 1684 2812
990 3136 2813
1171 1684 2814
1171 1684 2815
1171 1684 2816
1171 1684 2817
1171 1684 2818
990 3328 2819
1171 1684 2820
1171 1684 2821
990 2822
1171 1684 2823
1171 1684 2824
1178 1758 2825
1171 2826
1171 1684 2827
1171 1684 2828
1171 1684 2829
1171 1684 2830
990 2822 2831
1171 1684 2832
1171 1684 2833
1171 1684 2834
1171 1684 2835
990 3248 2836
1171 1684 2837
1171 1684 2838
1171 1684 2839
1171 1684 2840
990 3248 2841
1171 1684 2842
990 3136 2843
1171 1684 2844
990 3263 2845
1171 1684 2846
990 3263 2847
1171 1684 2848
1171 1684 2849
1171 1684 2850
1171 1684 2851
1171 1684 2852
1171 1684 2853
1171 1684 2854
1171 1684 2855
1171 1684 2856
1171 1684 2857
990 3248 2858
990 3263 2859
1171 1684 2860
1171 1684 2861
1171 1684 2862
1171 1684 2863
1171 1684 2864
990 3263 2865
1171 1684 2866
1171 1684 2867
1171 1684 2868
1171 1684 2869
1171 1684 2870
990 3136 2871
1171 1684 2872
1171 1684 2873
1171 1684 2874
990 3248 2875
1171 1684 2876
1171 1684 2877
1171 1684 2878
1171 1684 2879
1171 1684 2880
1171 1684 2881
990 3057 2882
990 2883
1171 1684 2884
1171 3290 2885
1171 1684 2886
1171 1684 2887
1171 1684 2888
1171 1684 2889
1171 1684 2890
1171 1684 2891
1171 1684 2892
1171 1684 2893
990 3005 2894
1171 1684 2895
1171 1684 2896
1171 1684 2897
990 3248 2898
1171 1684 2899
1171 1684 2900
1171 1684 2901
1171 1684 2902
1171 1684 2903
1171 1684 2904
1171 1684 2905
1171 1684 2906
1171 1684 2907
1171 1684 2908
1171 1684 2909
1171 1684 2910
1171 1684 2911
1171 1684 2912
1171 1684 2913
990 3361 2914
1171 1684 2915
1171 1684 2916
1171 1684 2917
1171 1684 2918
1171 1684 2919
1171 1684 2920
990 3263 2921
1171 1684 2922
990 3005 2923
1171 1684 2924
1171 1684 2925
1171 1684 2926
1171 1684 2927
1171 1684 2928
1171 1684 2929
1171 1684 2930
1171 1684 2931
990 3136 2932
1171 1684 2933
1171 1684 2934
1171 1684 2935
1171 1684 2936
1171 1684 2937
1171 1684 2938
1171 1684 2939
1171 1684 2940
990 2941
990 3136 2942
1171 1684 2943
1171 1684 2944
1171 1684 2945
990 3263 2946
1171 1684 2947
1171 1684 2948
1171 1684 2949
1171 1684 2950
990 3263 2951
1171 1684 2952
1171 1684 2953
990 3248 2954
990 3136 2955
1171 1684 2956
990 3263 2957
1171 1684 2958
1171 1684 2959
1171 1684 2960
1171 1684 2961
1171 1684 2962
1171 1684 2963
990 3057 2964
990 3328 2965
1171 1684 2966
1171 1684 2967
990 2968
1171 1684 2969
1171 1684 2970
1171 2677 2971
1171 1684 2972
1171 1684 2973
1171 1684 2974
1171 1684 2975
1171 1684 2976
1171 1684 2977
1171 1684 2978
1171 2826 2979
1171 1684 2980
1171 1684 2981
1171 1684 2982
1171 1684 2983
990 3263 2984
1171 1684 2985
1171 1684 2986
1171 1684 2987
1171 1684 2988
1171 1684 2989
1171 1684 2990
1171 1684 2991
1171 1684 2992
1171 1684 2993
1171 1684 2994
1171 1684 2995
990 3136 2996
1171 1684 2997
1171 1684 2998
990 3361 2999
1171 1684 3000
990 3245 3001
990 3263 3002
1171 1684 3003
1171 1684 3004
990 3005
1171 1684 3006
1171 1684 3007
1171 1684 3008
1171 1684 3009
990 3005 3010
990 3263 3011
1171 1684 3012
1171 1684 3013
1171 1684 3014
1171 1684 3015
1171 1684 3016
990 3328 3017
990 3248 3018
1171 1684 3019
990 3263 3020
1171 1684 3021
1171 1684 3022
1171 1684 3023
990 3328 3024
1171 1684 3025
1171 1684 3026
990 3136 3027
1171 1684 3028
1171 1684 3029
1171 1684 3030
1171 1684 3031
1171 1684 3032
1171 1684 3033
990 3263 3034
1171 1684 3035
1171 1684 3036
1171 1684 3037
1171 1684 3038
990 3005 3039
1171 1684 3040
1171 1684 3041
1171 1684 3042
990 3248 3043
1171 1684 3044
1171 1684 3045
990 3248 3046
1171 1684 3047
1171 1684 3048
1171 1684 3049
1171 1684 3050
1171 1684 3051
1171 1684 3052
1171 1684 3053
1171 1684 3054
1171 1684 3055
1171 1684 3056
990 3057
1171 1684 3058
1171 1684 3059
990 3328 3060
990 3263 3061
1171 1684 3062
1171 1684 3063
1171 1684 3064
1171 1684 3065
1171 1684 3066
990 3164 3067
990 2941 3068
1171 1684 3069
1171 1684 3070
1171 1684 3071
990 3263 3072
1171 1684 3073
1171 1684 3074
1171 1684 3075
990 3136 3076
990 3361 3077
1171 1684 3078
1171 1684 3079
1171 1684 3080
990 3263 3081
1171 1684 3082
1171 1684 3083
1171 1684 3084
1171 1684 3085
990 3263 3086
990 3136 3087
1171 1684 3088
990 3263 3089
1171 1684 3090
1171 1684 3091
1171 1684 3092
1171 1684 3093
1171 1684 3094
1171 1684 3095
1171 1684 3096
990 3136 3097
1171 1684 3098
1171 1684 3099
1171 1684 3100
990 3005 3101
1171 1684 3102
990 3136 3103
1171 1684 3104
1171 1684 3105
1171 1684 3106
990 3263 3107
1171 1684 3108
1171 1684 3109
1171 1684 3110
990 3136 3111
1171 1684 3112
990 3005 3113
1171 1684 3114
1171 1684 3115
1171 1684 3116
1171 1684 3117
990 3263 3118
1171 1684 3119
1171 1684 3120
1171 1684 3121
1171 1684 3122
1171 1684 3123
1171 1684 3124
1171 1684 3125
1171 1684 3126
1171 1684 3127
1171 1684 3128
1171 1684 3129
1171 1684 3130
1171 1684 3131
1171 1684 3132
1171 1684 3133
1171 1684 3134
1171 1684 3135
990 3136
1171 1684 3137
1171 1684 3138
1171 1684 3139
1171 1684 3140
1171 1684 3141
1171 1684 3142
1171 1684 3143
990 3328 3144
990 3005 3145
1171 1684 3146
1171 1684 3147
1171 1684 3148
1171 1684 3149
990 3005 3150
990 3005 3151
1171 1684 3152
1171 1684 3153
1171 1684 3154
1171 1684 3155
1171 1684 3156
990 3328 3157
1171 1684 3158
1171 1684 3159
1171 1684 3160
990 3245 3161
1171 1684 3162
1171 1684 3163
990 3164
990 3005 3165
1171 1684 3166
1171 1684 3167
1171 1684 3168
1171 1684 3169
1171 1684 3170
990 3136 3171
990 3005 3172
1171 1684 3173
1171 1684 3174
1171 1684 3175
1171 1684 3176
1171 1684 3177
1171 1684 3178
1146 1726 3179
1171 1684 3180
1171 1684 3181
1171 1684 3182
1171 1684 3183
1171 1684 3184
990 3278 3185
1171 1684 3186
990 3136 3187
1171 1684 3188
990 3136 3189
990 3248 3190
1171 1684 3191
1171 1684 3192
1171 1684 3193
1171 1684 3194
1171 1684 3195
990 3136 3196
1171 1684 3197
990 3136 3198
1171 1684 3199
1171 1684 3200
1171 1684 3201
1171 1684 3202
1171 1684 3203
1171 1684 3204
990 3278 3205
1171 1684 3206
1171 1684 3207
1171 1684 3208
1171 1684 3209
1171 1684 3210
1171 2826 3211
1171 1684 3212
1171 1684 3213
990 3248 3214
1171 1684 3215
1171 1684 3216
1171 1684 3217
1171 1684 3218
990 3136 3219
1171 1684 3220
990 3248 3221
990 3222
990 2883 3223
1171 1684 3224
990 3328 3225
1171 1684 3226
1171 1684 3227
1171 1684 3228
1171 1684 3229
1171 1684 3230
1171 1684 3231
1171 1684 3232
990 3136 3233
1171 1684 3234
1171 1684 3235
1171 1684 3236
1171 1684 3237
1171 1684 3238
1171 1684 3239
1171 1684 3240
1171 1684 3241
1171 1684 3242
1171 1684 3243
1171 1684 3244
990 3245
1171 1684 3246
1171 1684 3247
990 3248
1171 1684 3249
1171 1684 3250
1171 1684 3251
1171 1684 3252
990 3136 3253
990 3005 3254
1171 1684 3255
990 3263 3256
1171 1684 3257
990 2968 3258
990 3263 3259
1171 1684 3260
1171 1684 3261
1171 1684 3262
990 3263
990 3136 3264
1171 1684 3265
990 3263 3266
1171 1684 3267
1171 1684 3268
1171 1684 3269
1171 1684 3270
1171 1684 3271
990 3328 3272
1171 1684 3273
990 3248 3274
1171 1684 3275
1171 1684 3276
1171 1684 3277
990 3278
990 3263 3279
1171 1684 3280
1171 1684 3281
990 3136 3282
1171 1684 3283
1171 1684 3284
1171 1684 3285
1171 1684 3286
990 3263 3287
1171 1684 3288
1171 1684 3289
1171 3290
1171 1684 3291
990 3005 3292
1171 1684 3293
1171 1684 3294
1171 1684 3295
1171 1684 3296
1171 1684 3297
990 3328 3298
1171 1684 3299
1171 1684 3300
1171 1684 3301
990 3005 3302
1171 1684 3303
1171 1684 3304
1171 1684 3305
1171 1684 3306
1171 1684 3307
990 3263 3308
1171 1684 3309
1171 1684 3310
1171 1684 3311
1171 1684 3312
990 3248 3313
1171 1684 3314
1171 1684 3315
1171 1684 3316
1171 1684 3317
1171 1684 3318
1171 1684 3319
990 3005 3320
1171 1684 3321
1171 1684 3322
1171 1684 3323
1171 1684 3324
1171 1684 3325
1171 1684 3326
990 3248 3327
990 3328
1171 1684 3329
990 3136 3330
990 3136 3331
1171 1684 3332
1171 1684 3333
1171 1684 3334
990 3278 3335
1171 1684 3336
990 3136 3337
1171 1684 3338
1171 1684 3339
990 3222 3340
990 3136 3341
990 3005 3342
990 3328 3343
1171 1684 3344
1171 1684 3345
990 3361 3346
990 3005 3347
1171 1684 3348
1171 1684 3349
1171 1684 3350
1171 1684 3351
1171 1684 3352
1171 1684 3353
1171 1684 3354
1171 1684 3355
1171 1684 3356
1171 1684 3357
1171 1684 3358
1171 1684 3359
990 3248 3360
990 3361
1171 1684 3362
1171 1684 3363
1171 1684 3364
990 3136 3365
990 3005 3366
1171 1684 3367
1171 1684 3368
990 3328 3369
1171 1684 3370
1171 1684 3371
1171 1684 3372
1171 1684 3373
1171 1684 3374
1171 2677 3375
1171 1684 3376
1171 1684 3377
1171 1684 3378
990 3136 3379
1171 1684 3380
1171 1684 3381
1171 1684 3382
990 3248 3383
1171 1684 3384
990 3136 3385
1171 1684 3386
1171 1684 3387
1171 1684 3388
990 3248 3389
1171 1684 3390
1171 1684 3391
1171 1684 3392
1171 1684 3393
1171 1684 3394
990 3248 3395
990 3057 3396
1171 1684 3397
990 3263 3398
1171 1684 3399
1171 1684 3400
1171 1684 3401
1171 1684 3402
990 3263 3403
1171 1684 3404
990 3263 3405
990 3263 3406
1171 1684 3407
1171 1684 3408
990 3136 3409
1171 1684 3410
990 3005 3411
1171 1684 3412
1171 1684 3413
1171 1684 3414
1171 1684 3415
1171 1684 3416
1171 1684 3417
1171 1684 3418
990 3136 3419
1171 2677 3420
1171 1684 3421
1171 1684 3422
1171 1684 3423
990 3248 3424
1171 1684 3425
1171 1684 3426
1171 1684 3427
1171 1684 3428
1171 1684 3429
1171 1684 3430
990 3248 3431
990 3057 3432
1171 1684 3433
1171 1684 3434
1171 1684 3435
1171 1684 3436
1085 3437
1085 3877 3438
1085 3437 3439
1085 3440
1085 3437 3441
1085 3437 3442
1085 3437 3443
1085 3437 3444
1085 3437 3445
1085 3437 3446
1085 3437 3447
1085 3948 3448
1085 3962 3449
1085 3437 3450
1085 3437 3451
1085 3877 3452
1085 3437 3453
862 3779 3454
1085 3886 3455
1085 3456
1085 3830 3457
1085 3437 3458
1085 3437 3459
1085 3437 3460
1085 3495 3461
1085 3877 3462
1085 3437 3463
1085 3437 3464
1085 3437 3465
1085 3437 3466
1085 3830 3467
1085 3437 3468
1085 3561 3469
1085 3437 3470
1085 3877 3471
1085 3437 3472
1085 3437 3473
1085 3437 3474
1085 3948 3475
1085 3437 3476
1085 3756 3477
1085 3437 3478
1085 3830 3479
1085 3830 3480
1085 3830 3481
1085 3437 3482
1085 3437 3483
1085 3684 3484
1085 3437 3485
1085 3437 3486
1085 3437 3487
1085 3877 3488
1085 3437 3489
1085 3437 3490
1085 3962 3491
1085 3756 3492
1085 3437 3493
1085 3437 3494
1085 3495
1085 3750 3496
1085 3437 3497
1085 3437 3498
1085 3437 3499
1085 3437 3500
1085 3501
1085 3830 3502
862 3779 3503
1085 3677 3504
1085 3437 3505
1085 3437 3506
1085 3437 3507
1085 3437 3508
1085 3437 3509
1085 3437 3510
1085 3437 3511
1085 3830 3512
1085 3437 3513
1085 3830 3514
1085 3437 3515
1085 3830 3516
862 3517
1085 3830 3518
1085 3437 3519
1085 3684 3520
1085 3962 3521
1085 3872 3522
1085 3830 3523
1085 3437 3524
1085 3525
1085 3684 3526
1085 3851 3527
1085 3437 3528
1085 3437 3529
1085 3437 3530
1085 3437 3531
1085 3437 3532
1085 3948 3533
1085 3437 3534
1085 3437 3535
1085 3437 3536
1085 3437 3537
1085 3437 3538
1085 3437 3539
1085 3540
1085 3437 3541
1085 3437 3542
1085 3437 3543
1085 3674 3544
1085 3962 3545
1085 3437 3546
862 3779 3547
1085 3948 3548
1085 3437 3549
1085 3550
1085 3525 3551
1085 3886 3552
1085 3437 3553
1085 3561 3554
1085 3437 3555
1085 3556
1085 3456 3557
1085 3437 3558
1085 3877 3559
1085 3830 3560
1085 3561
1085 3830 3562
1085 3962 3563
1085 3437 3564
1085 3756 3565
1085 3437 3566
1085 3437 3567
1085 3437 3568
1085 3437 3569
1085 3437 3570
1085 3437 3571
1085 3437 3572
1085 3877 3573
1085 3877 3574
1085 3872 3575
1085 3877 3576
1085 3577
1085 3877 3578
1085 3437 3579
1085 3437 3580
1085 3437 3581
1085 3437 3582
1085 3437 3583
1085 3437 3584
1085 3437 3585
862 3586
1085 3437 3587
1085 3437 3588
1085 3592 3589
1085 3756 3590
1085 3437 3591
1085 3592
1085 3437 3593
1085 3830 3594
1085 3437 3595
1085 3962 3596
1085 3437 3597
1085 3437 3598
1085 3437 3599
1085 3440 3600
1085 3437 3601
1085 3437 3602
1085 3756 3603
1085 3962 3604
1085 3948 3605
1085 3437 3606
1085 3437 3607
1085 3437 3608
1085 3609
862 3779 3610
1085 3877 3611
1085 3561 3612
1085 3830 3613
1085 3437 3614
1085 3437 3615
1085 3437 3616
1085 3830 3617
1085 3851 3618
1085 3437 3619
1085 3437 3620
862 3621
1085 3437 3622
1085 3437 3623
1085 3437 3624
1085 3962 3625
857 3626
1085 3437 3627
1085 3962 3628
1085 3437 3629
1085 3437 3630
1085 3437 3631
1085 3437 3632
1085 3633
1085 3437 3634
1085 3948 3635
1085 3437 3636
1085 3756 3637
1085 3437 3638
1085 3830 3639
1085 3437 3640
1085 3437 3641
862 3779 3642
1085 3437 3643
1085 3437 3644
1085 3437 3645
1085 3437 3646
1085 3437 3647
1085 3437 3648
1085 3830 3649
1085 3437 3650
1085 3651
1085 3437 3652
1085 3437 3653
1085 3830 3654
1085 3437 3655
1085 3948 3656
1085 3437 3657
1085 3756 3658
862 3779 3659
1085 3437 3660
1085 3948 3661
1085 3437 3662
1085 3437 3663
1085 3437 3664
1085 3437 3665
1085 3437 3666
1085 3962 3667
1085 3437 3668
1085 3830 3669
1085 3948 3670
1085 3437 3671
1085 3962 3672
1085 3437 3673
1085 3674
1085 3437 3675
1085 3437 3676
1085 3677
1085 3437 3678
1085 3437 3679
1085 3830 3680
1085 3437 3681
1085 3437 3682
1085 3948 3683
1085 3684
1085 3437 3685
1085 3437 3686
1085 3830 3687
1085 3556 3688
1085 3721 3689
1085 3437 3690
1085 3830 3691
1085 3692
1085 3948 3693
1085 3437 3694
1085 3830 3695
1085 3437 3696
1085 3830 3697
1085 3437 3698
1085 3437 3699
1085 3830 3700
1085 3437 3701
1085 3948 3702
1085 3830 3703
1085 3437 3704
1085 3437 3705
1085 3437 3706
1085 3756 3707
1085 3437 3708
1085 3437 3709
1085 3437 3710
1085 3437 3711
1085 3692 3712
1085 3437 3713
1085 3437 3714
1085 3437 3715
1085 3437 3716
1085 3830 3717
1085 3437 3718
1085 3437 3719
1085 3437 3720
1085 3721
1085 3437 3722
1085 3437 3723
1085 3437 3724
1085 3437 3725
1085 3437 3726
1085 3437 3727
1085 3437 3728
1085 3437 3729
1085 3437 3730
1085 3877 3731
1085 3437 3732
1085 3437 3733
1085 3962 3734
1085 3437 3735
1085 3948 3736
1085 3525 3737
1085 3561 3738
1085 3437 3739
1085 3437 3740
1085 3741
1085 3437 3742
1085 3437 3743
1085 3830 3744
1085 3437 3745
1085 3437 3746
1085 3437 3747
1085 3437 3748
1085 3437 3749
1085 3750
1085 3437 3751
1085 3561 3752
1085 3437 3753
1085 3437 3754
1085 3830 3755
1085 3756
1085 3437 3757
1085 3437 3758
1085 3437 3759
1085 3962 3760
1085 3437 3761
1085 3456 3762
1085 3437 3763
1085 3437 3764
1085 3830 3765
1085 3437 3766
1085 3437 3767
1085 3437 3768
1085 3437 3769
1085 3437 3770
1085 3437 3771
862 3779 3772
1085 3437 3773
1085 3437 3774
1085 3437 3775
1085 3437 3776
1085 3437 3777
1085 3437 3778
862 3779
1085 3877 3780
1085 3437 3781
1085 3437 3782
1085 3437 3783
1085 3437 3784
1085 3756 3785
1085 3437 3786
1085 3437 3787
1085 3677 3788
1085 3437 3789
1085 3851 3790
1085 3437 3791
1085 3437 3792
1085 3437 3793
1085 3437 3794
1085 3830 3795
1085 3851 3796
1085 3797
1085 3437 3798
1085 3437 3799
1085 3962 3800
1085 3437 3801
1085 3437 3802
1085 3561 3803
1085 3830 3804
1085 3440 3805
1085 3437 3806
1085 3437 3807
1085 3437 3808
1085 3437 3809
1085 3437 3810
1085 3437 3811
1085 3437 3812
1085 3830 3813
1085 3437 3814
1085 3437 3815
1085 3437 3816
1085 3851 3817
1085 3437 3818
1085 3437 3819
1085 3437 3820
1085 3437 3821
1085 3437 3822
1085 3437 3823
1085 3877 3824
1085 3561 3825
1085 3437 3826
1085 3437 3827
1085 3756 3828
1085 3437 3829
1085 3830
1085 3851 3831
1085 3830 3832
1085 3437 3833
1085 3437 3834
1085 3437 3835
1085 3437 3836
1085 3437 3837
1085 3943 3838
1085 3677 3839
1085 3437 3840
1085 3962 3841
1085 3948 3842
1085 3437 3843
1085 3437 3844
1085 3851 3845
1085 3437 3846
1085 3677 3847
1085 3437 3848
1085 3437 3849
1085 3437 3850
1085 3851
1085 3886 3852
1085 3437 3853
1085 3437 3854
1085 3437 3855
1085 3437 3856
1085 3437 3857
1085 3830 3858
1085 3437 3859
1085 3830 3860
862 3621 3861
1085 3437 3862
1085 3437 3863
1085 3830 3864
1085 3437 3865
1085 3437 3866
1085 3437 3867
1085 3437 3868
1085 3437 3869
1085 3437 3870
1085 3437 3871
1085 3872
1085 3962 3873
1085 3437 3874
1085 3437 3875
1085 3437 3876
1085 3877
1085 3437 3878
1085 3437 3879
1085 3830 3880
1085 3437 3881
1085 3437 3882
1085 3830 3883
1085 3948 3884
1085 3437 3885
1085 3886
1085 3437 3887
1085 3872 3888
1085 3943 3889
1085 3437 3890
1085 3592 3891
1085 3437 3892
1085 3437 3893
1085 3437 3894
1085 3437 3895
1085 3437 3896
1085 3437 3897
1085 3830 3898
1085 3437 3899
1085 3437 3900
1085 3437 3901
1085 3877 3902
1085 3437 3903
1085 3437 3904
1085 3437 3905
1085 3437 3906
1085 3437 3907
1085 3495 3908
1085 3437 3909
1085 3437 3910
1085 3830 3911
1085 3437 3912
1085 3830 3913
1085 3437 3914
1085 3437 3915
857 3626 3916
1085 3437 3917
1085 3830 3918
1085 3830 3919
1085 3437 3920
1085 3437 3921
1085 3437 3922
1085 3437 3923
1085 3437 3924
1085 3437 3925
1085 3943 3926
1085 3561 3927
1085 3633 3928
1085 3948 3929
1085 3877 3930
1085 3437 3931
1085 3437 3932
1085 3437 3933
1085 3495 3934
1085 3437 3935
1085 3437 3936
1085 3437 3937
1085 3962 3938
1085 3437 3939
1085 3437 3940
862 3779 3941
1085 3561 3942
1085 3943
1085 3962 3944
1085 3561 3945
1085 3437 3946
1085 3437 3947
1085 3948
1085 3437 3949
1085 3872 3950
1085 3437 3951
1085 3437 3952
1085 3437 3953
1085 3437 3954
1085 3437 3955
1085 3437 3956
1085 3830 3957
1085 3437 3958
1085 3437 3959
1085 3437 3960
1085 3437 3961
1085 3962
1085 3437 3963
1085 3561 3964
1085 3437 3965
1085 3877 3966
1085 3437 3967
1085 3962 3968
1085 3437 3969
1085 3830 3970
1085 3948 3971
1085 3437 3972
1085 3437 3973
1085 3437 3974
1085 3437 3975
1085 3437 3976
1085 3437 3977
1085 3495 3978
1085 3872 3979
1136 563 594 3980
1136 563 594 3980 3981
1136 563 594 3980 3982
1136 563 594 3980 3983
1136 563 594 3980 3984
1136 563 594 3980 3985
1136 563 594 3980 3986
1136 563 594 3980 3987
1136 563 594 3980 3988
1136 563 594 3989
1136 563 594 3980 3990
1136 563 594 4031 3991
1136 563 594 3980 3992
1136 563 594 3980 3993
1136 563 594 3980 3994
1136 563 594 3980 3995
1136 563 594 3980 3996
1136 563 594 3980 3997
1136 563 594 3980 3998
1136 563 594 3980 3999
1136 563 594 3980 4000
1136 563 594 3980 4001
1136 563 594 4031 4002
1136 563 594 3980 4003
1136 563 594 4031 4004
1136 563 594 3980 4005
1136 563 594 3980 4006
1136 563 594 3980 4007
1136 563 594 3980 4008
1136 563 594 3980 4009
1136 563 594 3980 4010
1136 563 594 4011
1136 563 594 3980 4012
1136 563 594 4031 4013
1136 563 594 3980 4014
1136 563 594 3980 4015
1136 563 594 3980 4016
1136 563 594 3980 4017
1136 563 594 3980 4018
1136 563 594 3980 4019
1136 563 594 4031 4020
1136 563 594 3980 4021
1136 563 594 3980 4022
1136 563 594 4031 4023
1136 563 594 3980 4024
1136 563 594 3980 4025
1136 563 594 3980 4026
1136 563 594 4031 4027
1136 563 594 3980 4028
1136 563 594 3980 4029
1136 563 594 3980 4030
1136 563 594 4031
1136 563 594 3980 4032
1136 563 594 3980 4033
1136 563 594 3980 4034
1136 563 594 3980 4035
1136 563 594 3980 4036
1136 563 594 3980 4037
1136 563 594 4031 4038

