Iteration: 1
2417 136 0
2417 136 322 1
2417 136 0 2
2417 136 122 3
2417 136 0 4
2417 136 315 5
2417 136 0 6
2417 136 7
2417 136 0 8
2417 136 322 9
2417 136 285 10
2417 136 0 11
2417 136 0 12
2417 136 304 13
2417 136 0 14
2417 136 0 15
2417 136 0 16
2417 136 0 17
2417 136 0 18
2417 136 0 19
2417 136 0 20
2417 136 21
2417 136 339 22
2417 136 0 23
2417 136 0 24
2417 136 322 25
2417 136 322 26
2417 136 324 27
2417 136 0 28
2417 136 0 29
2417 136 322 30
2417 136 339 31
2417 136 0 32
2417 136 0 33
2417 1912 428 34
2417 136 0 35
2417 136 0 36
2417 136 0 37
2417 136 339 38
2417 136 21 39
2417 136 322 40
2417 136 0 41
2417 136 0 42
2417 136 0 43
2417 136 0 44
2417 136 322 45
2417 136 0 46
2417 136 0 47
2417 136 322 48
2417 136 0 49
2417 136 146 50
2417 136 0 51
2417 136 0 52
2417 136 322 53
2417 136 0 54
2417 136 122 55
2417 136 56
2417 136 213 57
2417 1912 58
2417 136 56 59
2417 136 322 60
2417 136 0 61
2417 136 322 62
2417 136 56 63
2417 136 0 64
2417 136 339 65
2417 136 308 66
2417 136 67
2417 136 0 68
2417 136 304 69
2417 136 0 70
2417 136 0 71
2417 136 67 72
2417 136 0 73
2417 136 0 74
2417 136 322 75
2417 136 0 76
2417 136 0 77
2417 136 0 78
2417 136 67 79
2417 136 315 80
2417 136 0 81
2417 136 169 82
2417 136 0 83
2417 136 304 84
2417 136 322 85
2417 136 0 86
2417 136 87
2417 136 322 88
2417 136 0 89
2417 136 0 90
2417 136 0 91
2417 136 0 92
2417 136 0 93
2417 136 315 94
2417 136 0 95
2417 136 213 96
2417 136 0 97
2417 136 315 98
2417 136 0 99
2417 136 0 100
2417 136 0 101
2417 136 0 102
2417 136 103
2417 136 322 104
2417 136 315 105
2417 136 169 106
2399 1718 107
2417 136 21 108
2417 136 324 109
2417 136 0 110
2417 136 0 111
2417 136 0 112
2417 136 304 113
2417 136 0 114
2417 136 0 115
2417 136 0 116
2417 136 285 117
2417 136 324 118
2417 136 339 119
2417 136 120
2417 136 315 121
2417 136 122
2417 136 122 123
2417 136 0 124
2417 136 125
2417 136 322 126
2417 136 21 127
2417 136 322 128
2417 136 339 129
2417 136 322 130
2417 136 0 131
2417 136 315 132
2417 136 322 133
2417 136 304 134
2417 136 0 135
2417 136
2417 136 0 137
2417 136 0 138
2417 136 0 139
2417 136 0 140
2417 136 304 141
2417 136 322 142
2417 136 0 143
2417 136 0 144
2417 136 0 145
2417 136 146
2417 136 0 147
2417 136 339 148
2417 136 0 149
2417 136 324 150
2417 136 0 151
2417 136 339 152
2417 136 0 153
2417 136 0 154
2417 136 0 155
2417 136 156
2417 136 0 157
2417 136 339 158
2417 136 21 159
2417 136 0 160
2417 136 339 161
2417 136 0 162
2417 136 0 163
2417 136 285 164
2417 136 169 165
2417 136 0 166
2417 136 0 167
2417 136 339 168
2417 136 169
2417 136 322 170
2399 1465 1171 171
2417 136 308 172
2417 136 0 173
2417 136 0 174
2417 136 0 175
2417 136 122 176
2417 136 0 177
2417 136 322 178
2417 136 0 179
2417 136 0 180
2417 136 0 181
2417 136 0 182
2417 136 0 183
2417 136 21 184
2417 136 322 185
2417 136 322 186
2417 136 0 187
2417 136 322 188
2417 136 0 189
2417 136 0 190
2417 136 0 191
2417 136 0 192
2417 136 0 193
2417 136 0 194
2417 136 0 195
2417 136 285 196
2417 136 21 197
2417 136 0 198
2417 136 324 199
2417 136 324 200
2417 136 0 201
2417 136 0 202
2417 136 324 203
2417 136 213 204
2417 136 0 205
2417 136 0 206
2417 136 322 207
2417 136 285 208
2417 136 0 209
2417 136 0 210
2417 136 315 211
2417 136 304 212
2417 136 213
2417 136 0 214
2417 136 0 215
2417 136 0 216
2417 136 324 217
2417 136 0 218
2417 136 0 219
2417 136 0 220
2417 136 322 221
2417 136 56 222
2417 136 315 223
2417 136 324 224
2417 136 0 225
2417 136 0 226
2417 136 0 227
2417 136 0 228
2417 136 0 229
2417 136 0 230
2417 136 315 231
2417 136 322 232
2417 136 0 233
2417 136 0 234
2417 136 156 235
2417 136 322 236
2417 136 0 237
2417 136 324 238
2417 136 322 239
2417 136 0 240
2417 136 0 241
2417 136 322 242
2417 136 0 243
2417 136 0 244
2417 136 0 245
2417 136 246
2417 136 120 247
2417 136 169 248
2417 136 315 249
2417 136 322 250
2417 136 122 251
2417 136 324 252
2417 136 0 253
2417 136 0 254
2417 136 0 255
2417 136 0 256
2417 136 322 257
2417 136 156 258
2417 136 0 259
2417 136 339 260
2417 136 285 261
2417 136 0 262
2417 136 0 263
2417 136 0 264
2417 136 67 265
2417 136 0 266
2417 136 0 267
2417 136 0 268
2417 1912 58 269
2417 136 0 270
2417 136 322 271
2417 136 304 272
2417 136 0 273
2417 136 122 274
2417 136 0 275
2417 136 322 276
2417 136 339 277
2417 136 0 278
2417 136 0 279
2417 136 322 280
2417 136 122 281
2417 136 0 282
2417 136 0 283
2417 136 122 284
2417 136 285
2417 136 0 286
2417 136 0 287
2417 136 315 288
2417 136 0 289
2417 136 322 290
2417 136 339 291
2417 136 0 292
2417 136 0 293
2417 136 0 294
2417 136 156 295
2417 136 0 296
2417 136 324 297
2417 136 56 298
2417 136 0 299
2417 136 0 300
2417 136 324 301
2417 136 315 302
2417 136 322 303
2417 136 304
2417 136 0 305
2417 136 0 306
2417 136 0 307
2417 136 308
2417 136 0 309
2417 136 0 310
2417 136 0 311
2417 136 0 312
2417 136 339 313
2417 136 0 314
2417 136 315
2417 136 0 316
2417 136 146 317
2417 136 169 318
2417 136 0 319
2417 136 0 320
2417 136 0 321
2417 136 322
2417 136 322 323
2417 136 324
2417 136 304 325
2417 136 0 326
2417 136 0 327
2417 136 0 328
2417 136 324 329
2417 136 0 330
2417 136 324 331
2417 136 324 332
2417 136 0 333
2417 136 339 334
2417 136 0 335
2417 136 0 336
2417 136 0 337
2417 136 308 338
2417 136 339
2417 136 339 340
2417 136 322 341
2417 136 322 342
2417 136 0 343
2417 136 122 344
2417 136 322 345
2417 136 0 346
2417 136 339 347
2417 1912 563 348
2417 1912 563 534 349
2417 1912 563 350
2417 1912 563 348 351
2417 1912 428 542 352
2417 1912 428 353
2417 1912 563 531 354
2417 1912 428 553 355
2417 1912 563 348 356
2417 1912 563 357
2417 1912 563 348 358
2417 1912 563 546 359
2417 1912 428 360
2417 1912 563 531 361
2417 1912 428 570 362
2399 1718 107 363
2417 1912 563 348 364
2417 1912 563 556 365
2417 1912 428 366
2417 1912 563 566 367
2417 1912 428 559 368
2417 1912 563 369
2417 1912 563 370
2417 1912 428 542 371
2417 1912 428 570 372
2417 1912 563 373
2417 1912 563 374
2399 1718 107 538 375
2417 1912 563 376
2417 1912 563 348 377
2417 1912 563 378
2417 1912 563 348 379
2417 1912 563 554 380
2417 1912 563 554 381
2417 1912 563 531 382
2417 1912 428 387 383
2417 1912 563 350 384
2417 1912 428 524 385
2417 1912 563 348 386
2417 1912 428 387
2417 1912 563 567 388
2399 1465 1013 389
2417 1912 563 475 390
2417 1912 563 391
2417 1912 428 392
2417 1912 563 348 393
2417 1912 428 683 394
2417 1912 428 395
2417 1912 428 570 396
2417 1912 563 397
2417 1912 428 561 398
2417 1912 563 348 399
2417 1912 428 400
2417 1912 563 348 401
2417 1912 563 402
2417 1912 428 553 403
2417 1912 428 404
2417 1912 563 405
2417 1912 428 387 406
2417 1912 563 407
2417 1912 428 408
2417 1912 428 561 409
2417 1912 563 500 410
2417 1912 563 348 411
2417 1912 428 412
2417 1912 428 542 413
2417 1912 563 414
2417 1912 563 415
2417 1912 563 416
2417 1912 428 417
2417 1912 428 553 418
2417 1912 428 419
2417 1912 563 420
2417 1912 563 421
2417 1912 428 614 422
2417 1912 428 423
2417 1912 563 554 424
2417 1912 563 425
2417 1912 563 426
2417 1912 563 427
2417 1912 428
2417 1912 563 531 429
2417 1912 563 430
2417 1912 563 431
2417 1912 563 432
2417 1912 563 433
2417 1912 563 434
2417 1912 563 435
2417 1912 563 436
2417 1912 428 463 437
2417 1912 563 438
2417 1912 563 439
2399 1718 107 538 440
2417 1912 563 348 441
2417 1912 563 442
2417 1912 563 348 443
2417 1912 428 444
2417 1912 563 556 445
2417 1912 428 517 446
2417 1912 563 348 447
2417 1912 563 460 448
2417 1912 563 449
2417 1912 563 531 450
2417 1912 563 451
2417 1912 428 452
2417 1912 563 348 453
2417 1912 563 348 454
2417 1912 563 455
2417 1912 563 456
2417 1912 563 457
2417 1912 428 553 458
2417 1912 563 459
2417 1912 563 460
2417 1912 428 461
2399 1718 107 538 462
2417 1912 428 463
2417 1912 563 427 464
2417 1912 428 465
2417 1912 563 531 466
2417 1912 563 348 467
2417 1912 563 348 468
2417 1912 563 469
2417 1912 563 531 470
2417 1912 563 471
2417 1912 563 567 472
2417 1912 428 473
2417 1912 563 546 474
2417 1912 563 475
2417 1912 563 348 476
2417 1912 563 477
2417 1912 563 534 478
2417 1912 428 479
2417 1912 563 480
2417 1912 563 531 481
2417 1912 428 482
2417 1912 563 483
2417 1577 1173 484
2417 1912 563 485
2417 1912 563 554 486
2417 1912 428 559 487
2417 1912 428 559 488
2417 1912 563 546 489
2417 1912 563 523 490
2417 1912 563 475 491
2417 1912 428 492
2417 1912 563 566 493
2417 1912 428 561 494
2417 1912 428 570 495
2417 1912 428 669 496
2417 1912 428 497
2417 1912 563 373 498
2417 1912 563 348 499
2417 1912 563 500
2417 1912 563 348 501
2417 1912 563 475 502
2417 1912 563 567 503
2417 1912 563 504
2417 1912 563 554 505
2417 1912 563 506
2417 1912 563 507
2417 1912 563 508
2417 1912 563 554 509
2417 1912 563 510
2417 1912 428 511
2417 1912 428 512
2417 1912 563 513
2417 1912 428 514
2417 1912 428 515
2417 1912 563 516
2417 1912 428 517
2417 1912 563 518
2417 1912 563 546 519
2417 1912 563 520
2417 1912 563 544 521
2417 1912 563 546 522
2417 1912 563 523
2417 1912 428 524
2417 1912 563 525
2399 1718 1540 526
2417 1912 563 567 527
2417 1912 563 528
2417 1912 563 531 529
2417 1912 563 348 530
2417 1912 563 531
2417 1912 563 348 532
2417 1912 563 510 533
2417 1912 563 534
2417 1912 563 483 535
2417 1912 428 561 536
2417 1912 563 569 537
2399 1718 107 538
2417 1912 563 531 539
2417 1912 428 559 540
2417 1912 563 541
2417 1912 428 542
2417 1912 563 543
2417 1912 563 544
2417 1912 563 545
2417 1912 563 546
2417 1912 563 546 547
2417 1912 563 556 548
2417 1912 563 549
2417 1912 563 348 550
2417 1912 563 554 551
2417 1912 563 350 552
2417 1912 428 553
2417 1912 563 554
2417 1912 428 553 555
2417 1912 563 556
2417 1912 428 570 557
2417 1912 428 558
2417 1912 428 559
2417 1912 428 561 560
2417 1912 428 561
2417 1912 563 504 562
2417 1912 563
2417 1912 563 348 564
2417 1912 428 561 565
2417 1912 563 566
2417 1912 563 567
2417 1912 563 541 568
2417 1912 563 569
2417 1912 428 570
2417 1912 563 504 571
2417 1912 563 348 572
2417 1912 428 609 573
2399 1718 107 596 574
2417 1912 563 414 575
2417 1912 563 414 576
2417 1912 563 414 577
2417 1912 563 414 578
2417 1912 428 609 579
2399 1718 107 580
2417 1912 563 414 581
2417 1912 563 414 582
2417 1912 563 414 583
2399 1718 107 637 584
2417 1912 563 414 585
2417 1912 563 645 586
2417 1912 428 651 587
2417 1912 563 414 588
2417 1912 428 609 589
2417 1912 428 609 590
2417 1912 428 591
2417 1912 428 609 592
2417 1912 563 566 593
2417 1912 563 594
2417 1912 563 414 595
2399 1718 107 596
2417 1912 428 609 597
2417 1912 428 609 598
2417 1912 563 414 599
2417 1912 563 414 600
2417 1912 428 601
2417 1912 563 414 602
2417 1912 428 609 603
2417 1912 563 604
2417 1912 428 609 605
2399 1718 1334 606
2417 1912 563 414 607
2417 1912 563 414 608
2417 1912 428 609
2417 1912 563 567 610
2417 1912 563 414 611
2417 1912 428 609 612
2417 1912 563 414 613
2417 1912 428 614
2417 1912 563 414 615
2399 1718 107 596 616
2417 1912 428 609 617
2399 1718 107 596 618
2417 1912 428 609 619
2417 1912 428 609 620
2417 1912 563 414 621
2417 1912 563 414 622
2417 1912 428 609 623
2417 1912 563 414 624
2417 1912 563 414 625
2417 1912 428 609 626
2417 1912 563 414 627
2417 1912 563 414 628
2399 1718 107 629
2417 1912 428 641 630
2417 1912 563 414 631
2417 1912 563 414 632
2417 1912 563 414 633
2417 1912 563 634
2417 1912 563 436 635
2417 1912 428 609 636
2399 1718 107 637
2417 1912 563 414 638
2399 1718 107 637 639
2417 1912 563 414 640
2417 1912 428 641
2417 1912 563 414 642
2417 1912 563 414 643
2417 1912 428 609 644
2417 1912 563 645
2417 1912 428 651 646
2417 1912 563 634 647
2417 1912 563 414 648
2399 1718 107 649
2417 1912 563 414 650
2417 1912 428 651
2417 1912 563 556 652
2417 1912 428 609 653
2417 1912 428 683 654
2399 1718 107 596 655
2399 1718 107 580 656
2417 1912 563 414 657
2417 1912 563 414 658
2417 1912 563 414 659
2417 1912 563 414 660
2417 1912 563 414 661
2417 1912 563 414 662
2399 1718 107 596 663
2417 1912 428 609 664
2417 1912 563 414 665
2417 1912 428 609 666
2417 1912 428 667
2417 1912 563 414 668
2417 1912 428 669
2417 1912 563 414 670
2417 1912 428 669 671
2417 1912 563 414 672
2417 1912 563 556 673
2417 1912 563 414 674
2417 1912 563 414 675
2417 1912 428 676
2399 1718 107 596 677
2399 1718 107 637 678
2399 1718 107 637 679
2417 1912 428 609 680
2417 1912 563 414 681
2417 1912 563 414 682
2417 1912 428 683
2417 1912 563 414 684
2417 1912 563 414 685
2399 1718 1165 1085 3437 698 686
2399 1718 1165 1085 3437 698 856 687
2399 1718 1165 1085 3437 698 856 688
2399 1718 1165 1085 3437 698 686 689
2399 1718 1165 1085 3437 698 713 690
2399 1718 1165 1085 3437 698 686 691
2399 1718 1165 1085 3437 698 686 692
2399 1718 1165 1085 3437 698 828 693
2399 1718 1165 1085 3437 698 830 694
2399 1718 1165 1085 3437 698 840 695
2399 1718 1165 1085 3437 698 840 696
2399 1718 1165 1085 3437 698 697
2399 1718 1165 1085 3437 698
2399 1718 1165 1085 3437 698 686 699
2399 1718 1165 1085 3437 698 745 700
2399 1718 1165 1085 3437 698 830 701
2399 1718 1165 1085 3437 698 686 702
2399 1718 1165 1085 3437 698 703
2399 1718 1165 1085 3437 698 686 704
2399 1718 1165 1085 3437 698 830 705
2399 1718 1165 1085 3437 698 828 706
2399 1718 1165 1085 3437 698 686 707
2399 1718 1165 1085 3437 698 708
2399 1718 1165 1085 3437 698 840 709
2399 1718 1165 1085 3437 698 810 710
2399 1718 1165 1085 3437 698 828 711
2399 1718 1165 1085 3437 698 686 712
2399 1718 1165 1085 3437 698 713
2399 1718 1165 1085 3437 698 686 714
2399 1718 1165 1085 3437 698 805 715
2399 1718 1165 1085 3437 698 747 716
2399 1718 1165 1085 3437 698 798 717
2399 1718 1165 1085 3437 698 828 718
2399 1718 1165 1085 3437 698 719
2399 1718 1165 1085 3437 698 803 720
2399 1718 1165 1085 3437 698 713 721
2399 1718 1165 1085 3437 698 745 722
2399 1718 1165 1085 3437 698 830 723
2399 1718 1165 1085 3437 698 830 724
2399 1718 1165 1085 3437 698 686 725
2399 1718 1165 1085 3437 698 830 726
2399 1718 1165 1085 3437 698 830 727
2399 1718 1165 1085 3437 698 856 728
2399 1718 1165 1085 3437 698 729
2399 1718 1165 1085 3437 698 803 730
2399 1718 1165 1085 3437 698 830 731
2399 1718 1165 1085 3437 698 686 732
2399 1718 1165 1085 3437 698 719 733
2399 1718 1165 1085 3437 698 805 734
2399 1718 1165 1085 3437 698 856 735
2399 1718 1165 1085 3437 698 713 736
2399 1718 1165 1085 3437 698 830 737
2399 1718 1165 1085 3437 698 805 738
2399 1718 1165 1085 3437 698 840 739
2399 1718 1165 1085 3437 698 686 740
2399 1718 1165 1085 3437 698 828 741
2399 1718 1165 1085 3437 698 713 742
2399 1718 1165 1085 3437 698 686 743
2399 1718 1165 1085 3437 698 686 744
2399 1718 1165 1085 3437 698 745
2399 1718 1165 1085 3437 698 713 746
2399 1718 1165 1085 3437 698 747
2399 1718 1165 1085 3437 698 830 748
2399 1718 1165 1085 3437 698 686 749
2399 1718 1165 1085 3437 698 686 750
2399 1718 1165 1085 3437 698 830 751
2399 1718 1165 1085 3437 698 830 752
2399 1718 1165 1085 3437 698 753
2399 1718 1165 1085 3437 698 840 754
2399 1718 1165 1085 3437 698 745 755
2399 1718 1165 1085 3437 698 805 756
2399 1718 1165 1085 3437 698 686 757
2399 1718 1165 1085 3437 698 747 758
2399 1718 1165 1085 3437 698 828 759
2399 1718 1165 1085 3437 698 830 760
2399 1718 1165 1085 3437 698 805 761
2399 1718 1165 1085 3437 698 810 762
2399 1718 1165 1085 3437 698 804 763
2399 1718 1165 1085 3437 698 828 764
2399 1718 1165 1085 3437 698 856 765
2399 1718 1165 1085 3437 698 830 766
2399 1718 1165 1085 3437 698 686 767
2399 1718 1165 1085 3437 698 719 768
2399 1718 1165 1085 3437 698 769
2399 1718 1165 1085 3437 698 828 770
2399 1718 1165 1085 3437 698 686 771
2399 1718 1165 1085 3437 698 772
2399 1718 1165 1085 3437 698 828 773
2399 1718 1165 1085 3437 698 774
2399 1718 1165 1085 3437 698 686 775
2399 1718 1165 1085 3437 698 776
2399 1718 1165 1085 3437 698 830 777
2399 1718 1165 1085 3437 698 830 778
2399 1718 1165 1085 3437 698 840 779
2399 1718 1165 1085 3437 698 840 780
2399 1718 1165 1085 3437 698 830 781
2399 1718 1165 1085 3437 698 804 782
2399 1718 1165 1085 3437 698 747 783
2399 1718 1165 1085 3437 698 828 784
2399 1718 1165 1085 3437 698 686 785
2399 1718 1165 1085 3437 698 686 786
2399 1718 1165 1085 3437 698 823 787
2399 1718 1165 1085 3437 698 686 788
2399 1718 1165 1085 3437 698 686 789
2399 1718 1165 1085 3437 698 745 790
2399 1718 1165 1085 3437 698 686 791
2399 1718 1165 1085 3437 698 830 792
2399 1718 1165 1085 3437 698 747 793
2399 1718 1165 1085 3437 698 745 794
2399 1718 1165 1085 3437 698 745 795
2399 1718 1165 1085 3437 698 686 796
2399 1718 1165 1085 3437 698 828 797
2399 1718 1165 1085 3437 698 798
2399 1718 1165 1085 3437 698 745 799
2399 1718 1165 1085 3437 698 800
2399 1718 1165 1085 3437 698 686 801
2399 1718 1165 1085 3437 698 686 802
2399 1718 1165 1085 3437 698 803
2399 1718 1165 1085 3437 698 804
2399 1718 1165 1085 3437 698 805
2399 1718 1165 1085 3437 698 686 806
2399 1718 1165 1085 3437 698 856 807
2399 1718 1165 1085 3437 698 686 808
2399 1718 1165 1085 3437 698 747 809
2399 1718 1165 1085 3437 698 810
2399 1718 1165 1085 3437 698 811
2399 1718 1165 1085 3437 698 828 812
2399 1718 1165 1085 3437 698 745 813
2399 1718 1165 1085 3437 698 828 814
2399 1718 1165 1085 3437 698 856 815
2399 1718 1165 1085 3437 698 713 816
2399 1718 1165 1085 3437 698 830 817
2399 1718 1165 1085 3437 698 805 818
2399 1718 1165 1085 3437 698 819
2399 1718 1165 1085 3437 698 830 820
2399 1718 1165 1085 3437 698 686 821
2399 1718 1165 1085 3437 698 686 822
2399 1718 1165 1085 3437 698 823
2399 1718 1165 1085 3437 698 840 824
2399 1718 1165 1085 3437 698 825
2399 1718 1165 1085 3437 698 830 826
2399 1718 1165 1085 3437 698 830 827
2399 1718 1165 1085 3437 698 828
2399 1718 1165 1085 3437 698 828 829
2399 1718 1165 1085 3437 698 830
2399 1718 1165 1085 3437 698 805 831
2399 1718 1165 1085 3437 698 803 832
2399 1718 1165 1085 3437 698 713 833
2399 1718 1165 1085 3437 698 830 834
2399 1718 1165 1085 3437 698 828 835
2399 1718 1165 1085 3437 698 686 836
2399 1718 1165 1085 3437 698 840 837
2399 1718 1165 1085 3437 698 856 838
2399 1718 1165 1085 3437 698 686 839
2399 1718 1165 1085 3437 698 840
2399 1718 1165 1085 3437 698 686 841
2399 1718 1165 1085 3437 698 828 842
2399 1718 1165 1085 3437 698 823 843
2399 1718 1165 1085 3437 698 830 844
2399 1718 1165 1085 3437 698 830 845
2399 1718 1165 1085 3437 698 830 846
2399 1718 1165 1085 3437 698 830 847
2399 1718 1165 1085 3437 698 840 848
2399 1718 1165 1085 3437 698 830 849
2399 1718 1165 1085 3437 698 713 850
2399 1718 1165 1085 3437 698 828 851
2399 1718 1165 1085 3437 698 798 852
2399 1718 1165 1085 3437 698 830 853
2399 1718 1165 1085 3437 698 686 854
2399 1718 1165 1085 3437 698 798 855
2399 1718 1165 1085 3437 698 856
2399 1718 1165 1085 3797 857
2399 1718 1165 1085 3437 698 858
2399 1718 1165 1085 3437 698 859
2417 1577 1666 1684 860
2399 1718 1165 1085 3437 698 861
2399 1718 1165 1085 862
2399 1718 1165 1085 3437 698 863
2399 1718 1165 1085 3437 698 864
2399 1718 1165 1085 862 865
2399 1718 1165 1085 3437 698 866
2399 1718 1165 1085 3437 698 867
2399 1718 1165 1085 862 868
2399 1718 1165 1085 3437 698 869
2399 1718 1165 1085 3437 698 870
2399 1718 1165 1085 3797 857 871
2399 1718 1165 1085 3437 698 872
2399 1718 1165 1085 3437 698 873
2399 1718 1165 1085 3437 698 874
2399 1718 1165 1085 3437 698 875
2399 1718 1165 1085 3437 698 876
2399 1718 1165 1085 3437 698 877
2399 1718 1165 1085 3437 698 878
2399 1718 1165 1085 3437 698 879
2399 1718 1165 1085 3437 698 880
2399 1718 1165 1085 3437 698 881
2399 1718 1165 1085 3437 698 882
2399 1718 1165 1085 3437 698 883
2399 1718 1165 1085 3437 698 884
2399 1718 1165 1085 3437 698 885
2399 1718 1165 1085 3437 698 886
2399 1718 1165 1085 3437 698 887
2399 1718 1165 1085 3437 698 888
2399 1718 1165 1085 3437 698 889
2399 1718 1165 1085 3437 698 890
2399 1718 1165 1085 3437 698 891
2399 1718 1165 1085 3437 698 892
2399 1718 1165 1085 3437 698 893
2399 1718 1165 1085 3437 698 894
2399 1718 1165 1085 3437 698 895
2399 1718 107 896
2399 1718 1863 897
2399 1718 107 898
2399 1718 107 899
2399 1465 908 900
2399 1718 107 901
2399 1718 107 902
2399 1718 107 903
2399 1718 107 904
2399 1718 107 905
2399 1718 1663 906
2399 1718 107 907
2399 1465 908
2399 1718 1197 909
2399 1718 107 910
2399 1718 107 911
2399 1718 107 912
2417 1577 1173 913
2399 1718 107 914
2417 1912 428 915
2399 1718 916
2399 1718 107 917
2399 1718 107 918
2399 1718 107 919
2399 1718 1782 920
2399 1718 921
2399 1718 1909 922
2399 1718 1369 923
2399 1718 107 924
2399 1718 925
2399 1718 1835 926
2399 1718 1846 927
2399 1718 107 928
2399 1718 107 929
2417 1912 428 930
2399 1718 107 931
2399 1718 1663 932
2399 1718 107 933
2399 1718 1835 934
2399 1718 107 935
2399 1718 107 936
2399 1718 107 937
2399 1718 107 938
2399 1718 107 939
2399 1718 107 940
2399 1718 107 941
2399 1718 107 942
2399 1718 107 943
2399 1718 107 944
2399 1718 107 945
2399 1718 1846 946
2399 1718 1835 947
2399 1718 107 948
2399 1718 107 949
2399 1465 908 950
2399 1718 951
2399 1718 1663 952
2399 1718 1663 953
2399 1718 107 954
2399 1718 1197 955
2399 1718 107 956
2399 1718 107 957
2399 1718 107 958
2399 1718 1663 959
2399 1718 1863 960
2399 1718 1852 961
2417 1912 428 962
2399 1718 107 963
2399 1718 107 964
2399 1718 107 965
2399 1718 1663 966
2399 1718 1835 967
2399 1718 1540 968
2399 1718 107 969
2399 1718 107 970
2399 1718 107 971
2399 1718 916 972
2399 1465 1883 973
2399 1718 107 974
2399 1718 107 975
2399 1718 107 976
2399 1718 107 977
2399 1718 1909 978
2399 1718 107 979
2399 1718 1835 980
2399 1718 107 981
2399 1718 1663 982
2417 1577 1289 983
2399 1718 107 984
2399 1718 107 985
2399 1718 107 986
2399 1718 107 987
2399 1718 107 988
2399 1718 107 989
2417 1577 1666 990
2399 1718 1846 991
2399 1718 107 992
2399 1718 1835 993
2399 1718 107 994
2399 1718 1540 995
2399 1718 107 996
2399 1718 1835 997
2417 1577 1173 998
2399 1718 1621 999
2399 1718 107 1000
2399 1718 1352 1001
2399 1718 107 1002
2399 1718 1835 1003
2399 1718 1835 1004
2399 1718 107 1005
2399 1718 1835 1006
2399 1718 107 1007
2399 1718 1911 1008
2399 1718 107 1009
2399 1718 107 1010
2399 1718 107 1011
2417 1577 1074 1012
2399 1465 1013
2399 1718 107 1014
2399 1718 107 1015
2399 1718 107 1016
2399 1718 1909 1017
2399 1718 107 1018
2399 1718 107 1019
2399 1718 107 1020
2399 1718 1334 1021
2399 1718 107 1022
2399 1718 107 1023
2399 1718 1863 1024
2399 1718 1334 1025
2399 1465 1883 1026
2399 1718 107 1027
2399 1718 1028
2417 1577 1029
2399 1718 1197 1030
2417 1577 1666 1031
2399 1718 107 1032
2399 1718 1697 1033
2399 1718 107 1034
2399 1465 1013 1035
2399 1718 107 1036
2399 1718 107 1037
2399 1718 107 1038
2399 1718 107 1039
2417 1577 1289 1040
2399 1718 107 1041
2399 1718 107 1042
2399 1718 1197 1043
2399 1718 107 1044
2399 1718 1197 1045
2399 1718 107 1046
2399 1718 1911 1047
2399 1718 1835 1048
2399 1718 1621 1049
2399 1718 107 1050
2399 1718 107 1051
2399 1718 107 1052
2399 1465 1171 1053
2399 1718 1540 1054
2417 1577 1666 1055
2399 1718 1663 1056
2399 1718 107 1057
2399 1465 1171 1058
2399 1718 1835 1059
2399 1718 107 1060
2399 1718 107 1061
2399 1718 1540 1062
2399 1718 916 1063
2399 1718 107 1064
2399 1718 107 1065
2399 1718 107 1066
2399 1718 107 1067
2399 1718 107 1068
2399 1718 1621 1069
2417 1912 563 1070
2399 1718 107 1071
2399 1718 107 1072
2399 1718 107 1073
2417 1577 1074
2399 1718 1621 1075
2399 1718 1835 1076
2417 1577 1077
2399 1718 1835 1078
2399 1718 1835 1079
2399 1718 107 1080
2399 1718 107 1081
2399 1718 107 1082
2399 1718 1663 1083
2399 1718 1458 1084
2399 1718 1165 1085
2399 1718 1835 1086
2399 1718 107 1087
2399 1718 1540 1088
2399 1718 107 1089
2399 1718 107 1090
2399 1718 107 1091
2399 1718 1909 1092
2399 1718 107 1093
2399 1718 107 1094
2399 1718 107 1095
2399 1718 107 1096
2399 1718 107 1097
2417 1577 1666 1098
2399 1718 107 1099
2399 1718 107 1100
2399 1718 1835 1101
2399 1718 107 1102
2399 1718 107 1103
2399 1718 107 1104
2399 1718 107 1105
2399 1718 107 1106
2399 1718 1663 1107
2399 1718 107 1108
2399 1465 1013 1109
2399 1718 1911 1110
2399 1718 1197 1111
2399 1718 1312 1112
2399 1718 107 1113
2417 1912 428 1114
2399 1718 107 1115
2399 1718 1835 1116
2399 1718 1835 1117
2399 1718 107 1118
2399 1718 107 1119
2399 1718 107 1120
2399 1718 107 1121
2399 1718 107 1122
2399 1718 1911 1123
2399 1718 1911 1124
2399 1718 1663 1125
2399 1718 1126
2399 1718 107 1127
2399 1718 1835 1128
2399 1718 107 1129
2399 1718 1863 1130
2399 1718 107 1131
2399 1718 1863 1132
2399 1718 1590 1133
2399 1718 107 1134
2399 1718 1835 1135
2399 1465 908 1136
2399 1718 107 1137
2399 1718 107 1138
2399 1718 107 1139
2417 1577 1666 1140
2399 1718 107 1141
2399 1718 107 1142
2399 1718 107 1143
2399 1465 908 1144
2399 1718 107 1145
2399 1718 1835 1146
2399 1718 107 1147
2399 1718 107 1148
2399 1718 1836 1149
2399 1718 1911 1150
2399 1718 1540 1151
2399 1718 107 1152
2399 1718 1663 1153
2399 1718 107 1154
2399 1718 1621 1155
2399 1465 1483 1156
2399 1718 1909 1157
2399 1718 107 1158
2399 1718 107 1159
2399 1718 1835 1160
2399 1718 1911 1161
2399 1718 107 1162
2399 1718 1863 1163
2399 1718 1663 1164
2399 1718 1165
2399 1718 107 1166
2399 1718 107 1167
2399 1718 107 1168
2399 1718 107 1169
2399 1718 107 1170
2399 1465 1171
2399 1718 1663 1172
2417 1577 1173
2399 1718 107 1174
2399 1718 1863 1175
2399 1718 107 1176
2399 1718 107 1177
2399 1718 1369 1178
2417 1912 428 1179
2399 1718 1835 1180
2399 1718 1663 1181
2399 1718 1182
2399 1718 1540 1183
2399 1718 1835 1184
2399 1718 1835 1185
2399 1718 107 1186
2399 1465 908 1187
2399 1718 107 1188
2399 1718 107 1189
2399 1718 107 1190
2399 1718 1863 1191
2399 1718 107 1192
2399 1718 107 1193
2399 1718 107 1194
2399 1718 1846 1195
2399 1718 1196
2399 1718 1197
2399 1718 1663 1198
2399 1718 1835 1199
2399 1718 107 1200
2399 1718 1835 1201
2417 1577 1077 1202
2399 1465 908 1203
2399 1718 107 1204
2399 1718 1835 1205
2399 1718 107 1206
2399 1718 1126 1207
2399 1718 107 1208
2399 1718 1835 1209
2417 1912 428 1210
2399 1718 1863 1211
2399 1718 107 1212
2399 1718 107 1213
2399 1718 1911 1214
2399 1718 107 1215
2399 1718 107 1216
2399 1718 1540 1217
2399 1718 107 1218
2399 1718 1509 1219
2399 1465 1483 1220
2399 1718 107 1221
2399 1718 1835 1222
2399 1718 107 1223
2399 1718 107 1224
2399 1718 107 1225
2417 1912 428 1226
2399 1718 107 1227
2399 1718 107 1228
2399 1718 107 1229
2399 1718 1911 1230
2399 1718 107 1231
2399 1718 107 1232
2399 1718 107 1233
2399 1718 107 1234
2399 1718 107 1235
2399 1718 107 1236
2417 1912 428 1237
2399 1718 1663 1238
2399 1718 107 1239
2399 1718 107 1240
2399 1718 107 1241
2399 1718 1835 1242
2399 1718 1835 1243
2399 1718 107 1244
2399 1718 107 1245
2399 1718 107 1246
2399 1718 107 1247
2399 1718 107 1248
2399 1718 107 1249
2399 1718 1663 1250
2399 1718 107 1251
2399 1718 107 1252
2399 1718 107 1253
2399 1718 1165 1254
2399 1718 1846 1255
2399 1718 1863 1256
2399 1718 107 1257
2399 1718 1334 1258
2399 1718 107 1259
2399 1718 107 1260
2399 1718 107 1261
2399 1718 1835 1262
2399 1718 107 1263
2399 1718 107 1264
2399 1718 1782 1265
2417 1577 1666 1266
2399 1718 1835 1267
2399 1718 107 1268
2399 1718 1835 1269
2399 1718 107 1270
2399 1718 1663 1271
2399 1718 1846 1272
2399 1718 107 1273
2399 1718 951 1274
2399 1718 107 1275
2399 1718 107 1276
2399 1718 107 1277
2399 1718 1523 1278
2399 1718 107 1279
2399 1718 1835 1280
2399 1718 107 1281
2399 1718 107 1282
2399 1718 1911 1283
2399 1718 107 1284
2399 1718 916 1285
2399 1718 107 1286
2399 1718 1663 1287
2399 1718 1663 1288
2417 1577 1289
2399 1718 1835 1290
2399 1718 1835 1291
2399 1718 107 1292
2399 1718 1835 1293
2399 1718 916 1294
2399 1718 107 1295
2399 1718 107 1296
2399 1465 1171 1297
2399 1718 107 1298
2399 1718 107 1299
2417 1912 428 1300
2399 1718 1369 1301
2399 1718 1835 1302
2399 1718 107 1303
2399 1718 107 1304
2399 1718 1863 1305
2399 1718 107 1306
2399 1465 908 1307
2399 1718 107 1308
2399 1718 107 1309
2399 1718 107 1310
2399 1718 107 1311
2399 1718 1312
2417 1912 428 1313
2399 1718 107 1314
2399 1718 107 1315
2399 1718 107 1316
2417 1577 1534 1317
2399 1718 107 1318
2399 1718 107 1319
2417 1912 428 1320
2399 1718 1911 1321
2399 1718 107 1322
2399 1718 1835 1323
2399 1718 107 1324
2399 1718 951 1325
2399 1718 107 1326
2399 1718 1327
2399 1718 107 1328
2399 1718 1835 1329
2399 1718 1835 1330
2399 1718 1835 1331
2399 1718 107 1332
2399 1718 107 1333
2399 1718 1334
2399 1718 1663 1335
2399 1718 1663 1336
2399 1718 1911 1337
2417 1912 563 1338
2399 1718 1663 1339
2399 1718 1376 1340
2399 1718 1835 1341
2399 1718 107 1342
2399 1718 1540 1343
2399 1718 1835 1344
2399 1718 107 1345
2417 1577 1029 1346
2399 1718 107 1347
2399 1718 107 1348
2399 1718 107 1349
2399 1718 107 1350
2399 1718 1702 1351
2399 1718 1352
2399 1718 107 1353
2399 1718 107 1354
2399 1718 107 1355
2399 1718 107 1356
2399 1718 107 1357
2417 1912 428 1358
2399 1718 1835 1359
2399 1465 908 1360
2399 1718 1361
2399 1718 107 1362
2399 1718 107 1363
2399 1718 1540 1364
2399 1718 1663 1365
2399 1718 107 1366
2399 1718 1909 1367
2399 1718 1197 1368
2399 1718 1369
2399 1718 1663 1370
2399 1718 107 1371
2399 1718 107 1372
2399 1718 107 1373
2417 1912 428 1374
2399 1718 1621 1375
2399 1718 1376
2399 1718 1835 1377
2399 1718 107 1378
2399 1718 107 1379
2399 1718 1621 1380
2399 1718 107 1381
2399 1718 107 1382
2399 1718 1909 1383
2399 1718 1327 1384
2399 1465 1013 1385
2399 1718 107 1386
2399 1465 1171 1387
2399 1718 1835 1388
2399 1718 1663 1389
2399 1718 1835 1390
2399 1718 1835 1391
2399 1718 107 1392
2399 1718 1835 1393
2399 1718 107 1394
2399 1718 1909 1395
2399 1718 107 1396
2399 1718 107 1397
2399 1718 1863 1398
2399 1718 1835 1399
2399 1718 107 1400
2399 1718 107 1401
2399 1718 1663 1402
2399 1718 107 1403
2399 1718 921 1404
2399 1465 1883 1405
2399 1718 107 1406
2399 1718 1663 1407
2417 1912 428 1408
2399 1718 1863 1409
2399 1718 107 1410
2399 1718 1618 1411
2399 1718 107 1412
2399 1718 107 1413
2399 1718 107 1414
2399 1718 107 1415
2399 1718 1835 1416
2399 1718 1621 1417
2399 1718 107 1418
2399 1718 1911 1419
2399 1718 1846 1420
2399 1718 1165 1421
2399 1718 107 1422
2399 1718 107 1423
2399 1718 107 1424
2417 1912 428 1425
2399 1718 107 1426
2399 1718 107 1427
2399 1718 107 1428
2399 1718 107 1429
2399 1718 107 1430
2399 1718 1835 1431
2399 1718 107 1432
2399 1465 908 1433
2399 1718 1846 1434
2399 1718 1540 1435
2399 1718 107 1436
2399 1718 1911 1437
2399 1718 107 1438
2399 1718 1621 1439
2399 1718 1440
2417 1577 1666 1441
2399 1718 107 1442
2399 1718 107 1443
2399 1718 1540 1444
2399 1718 1702 1445
2417 1912 428 1446
2399 1718 1863 1447
2399 1718 107 1448
2399 1718 1863 1449
2417 1577 1666 1450
2399 1718 107 1451
2399 1718 107 1452
2399 1718 1621 1453
2399 1718 107 1454
2399 1718 107 1455
2399 1718 1663 1456
2399 1718 1663 1457
2399 1718 1458
2399 1718 107 1459
2399 1718 1835 1460
2399 1718 1369 1461
2399 1718 107 1462
2399 1718 107 1463
2399 1718 107 1464
2399 1465
2399 1718 107 1466
2399 1718 1846 1467
2399 1718 107 1468
2399 1718 107 1469
2399 1718 1835 1470
2399 1718 1909 1471
2399 1718 107 1472
2399 1718 1334 1473
2399 1718 107 1474
2399 1718 107 1475
2399 1718 107 1476
2399 1718 1909 1477
2399 1718 107 1478
2399 1718 107 1479
2399 1718 1863 1480
2399 1718 107 1481
2399 1718 107 1482
2399 1465 1483
2399 1718 1352 1484
2399 1718 1485
2399 1465 1171 1486
2417 1577 1173 1487
2399 1718 1863 1488
2399 1718 107 1489
2399 1718 107 1490
2399 1718 1663 1491
2399 1718 1334 1492
2399 1718 107 1493
2399 1718 107 1494
2399 1718 107 1495
2399 1718 107 1496
2399 1718 107 1497
2399 1465 1483 1498
2399 1718 107 1499
2399 1718 107 1500
2399 1718 1909 1501
2399 1718 107 1502
2399 1718 107 1503
2399 1718 107 1504
2417 1577 1666 1505
2399 1718 107 1506
2399 1718 107 1507
2399 1718 107 1508
2399 1718 1509
2399 1718 107 1510
2399 1718 951 1511
2417 1912 428 1512
2399 1718 1513
2399 1718 107 1514
2399 1718 107 1515
2399 1718 1835 1516
2399 1718 1663 1517
2399 1718 1327 1518
2417 1577 1173 1519
2399 1718 1846 1520
2399 1718 1911 1521
2399 1718 1522
2399 1718 1523
2399 1718 925 1524
2399 1718 1334 1525
2399 1718 107 1526
2399 1718 1911 1527
2399 1718 1835 1528
2399 1718 107 1529
2399 1718 1663 1530
2399 1718 107 1531
2399 1718 1617 1532
2399 1718 107 1533
2417 1577 1534
2399 1718 1835 1535
2417 1912 428 1536
2399 1718 1440 1537
2399 1718 1780 1538
2399 1718 1835 1539
2399 1718 1540
2399 1718 107 1541
2399 1718 1361 1542
2399 1718 107 1543
2399 1718 1312 1544
2417 1912 428 1545
2399 1718 107 1546
2399 1718 1621 1547
2399 1718 107 1548
2399 1465 1013 1549
2399 1718 107 1550
2399 1718 1835 1551
2399 1718 107 1552
2399 1718 1522 1553
2399 1718 1835 1554
2399 1465 908 1555
2399 1718 107 1556
2399 1718 1835 1557
2399 1718 107 1558
2399 1718 1835 1559
2399 1718 107 1560
2399 1718 1911 1561
2399 1718 1126 1562
2399 1718 1852 1563
2417 1577 1666 1564
2399 1718 107 1565
2399 1718 107 1566
2399 1465 908 1567
2399 1718 107 1568
2399 1718 1540 1569
2399 1718 1835 1570
2399 1718 1911 1571
2399 1718 1523 1572
2399 1718 107 1573
2399 1465 1013 1574
2399 1718 107 1575
2399 1718 107 1576
2417 1577
2399 1718 107 1578
2399 1718 107 1579
2399 1718 1663 1580
2399 1718 107 1581
2399 1718 107 1582
2399 1718 107 1583
2399 1718 1835 1584
2417 1577 1666 1585
2399 1718 107 1586
2399 1718 107 1587
2399 1465 908 1588
2399 1718 1835 1589
2399 1718 1590
2399 1718 107 1591
2399 1718 107 1592
2399 1465 908 1593
2399 1718 1911 1594
2399 1718 107 1595
2399 1718 107 1596
2399 1718 1663 1597
2399 1718 1663 1598
2399 1718 107 1599
2399 1718 1835 1600
2399 1718 107 1601
2399 1718 107 1602
2399 1718 1835 1603
2399 1718 1863 1604
2399 1718 1663 1605
2399 1718 107 1606
2399 1718 107 1607
2399 1718 1835 1608
2399 1718 1835 1609
2399 1718 1782 1610
2399 1718 107 1611
2399 1718 1836 1612
2399 1718 1835 1613
2399 1718 1846 1614
2399 1465 908 1615
2399 1718 107 1616
2399 1718 1617
2399 1718 1618
2399 1718 1663 1619
2399 1718 1835 1620
2399 1718 1621
2399 1718 1835 1622
2399 1718 1909 1623
2399 1718 107 1624
2399 1718 107 1625
2399 1718 1626
2399 1718 107 1627
2399 1718 107 1628
2399 1718 107 1629
2399 1718 1540 1630
2399 1718 107 1631
2399 1718 1835 1632
2399 1718 107 1633
2399 1718 107 1634
2399 1718 107 1635
2399 1718 107 1636
2399 1718 1835 1637
2399 1718 107 1638
2399 1718 1846 1639
2399 1718 107 1640
2399 1718 1817 1641
2417 1577 1534 1642
2399 1718 1835 1643
2399 1718 1485 1644
2399 1718 107 1645
2399 1718 107 1646
2399 1718 107 1647
2399 1718 107 1648
2399 1718 107 1649
2399 1718 107 1650
2399 1718 107 1651
2399 1718 1621 1652
2399 1718 1835 1653
2399 1718 107 1654
2399 1718 107 1655
2399 1718 1852 1656
2399 1718 107 1657
2399 1718 1334 1658
2399 1718 1835 1659
2399 1718 107 1660
2399 1718 107 1661
2399 1718 1835 1662
2399 1718 1663
2399 1718 107 1664
2399 1718 1663 1665
2417 1577 1666
2399 1718 107 1667
2399 1718 1782 1668
2399 1718 1835 1669
2399 1718 107 1670
2399 1718 107 1671
2399 1718 107 1672
2399 1718 107 1673
2399 1465 1883 1674
2399 1718 1835 1675
2399 1718 107 1676
2399 1718 107 1677
2399 1718 1852 1678
2399 1718 107 1679
2399 1718 107 1680
2399 1718 107 1681
2399 1718 107 1682
2399 1718 1836 1683
2417 1577 1666 1684
2399 1718 1835 1685
2399 1718 107 1686
2417 1577 1534 1687
2399 1718 1663 1688
2399 1718 1835 1689
2399 1718 107 1690
2399 1718 107 1691
2417 1912 428 1692
2399 1718 107 1693
2399 1718 107 1694
2399 1718 107 1695
2399 1718 107 1696
2399 1718 1697
2417 1577 1173 1698
2399 1718 1540 1699
2399 1718 1617 1700
2417 1577 1534 1701
2399 1718 1702
2399 1718 107 1703
2399 1718 107 1704
2399 1718 107 1705
2399 1718 107 1706
2399 1718 1663 1707
2399 1718 107 1708
2399 1718 107 1709
2399 1718 925 1710
2399 1718 1540 1711
2399 1718 1863 1712
2399 1465 1013 1713
2399 1718 1846 1714
2399 1718 107 1715
2399 1718 107 1716
2399 1718 1835 1717
2399 1718
2399 1718 1165 1719
2399 1718 107 1720
2399 1718 1835 1721
2399 1718 1909 1722
2399 1718 1663 1723
2399 1718 1663 1724
2399 1718 107 1725
2417 1577 1666 1726
2399 1718 107 1727
2399 1718 107 1728
2399 1718 107 1729
2399 1718 1835 1730
2399 1718 107 1731
2399 1718 107 1732
2399 1718 107 1733
2399 1718 1663 1734
2399 1718 1836 1735
2399 1718 1663 1736
2399 1718 1376 1737
2399 1718 107 1738
2399 1718 107 1739
2417 1912 428 1740
2399 1718 1782 1741
2399 1718 107 1742
2399 1718 107 1743
2399 1718 107 1744
2417 1912 563 1745
2399 1718 1835 1746
2399 1718 107 1747
2399 1718 107 1748
2399 1718 107 1749
2399 1718 1835 1750
2399 1718 107 1751
2399 1718 1835 1752
2399 1718 1835 1753
2399 1718 1617 1754
2399 1718 107 1755
2399 1718 107 1756
2399 1718 1835 1757
2399 1718 1835 1758
2399 1718 107 1759
2399 1718 107 1760
2399 1718 1835 1761
2399 1718 107 1762
2399 1718 107 1763
2399 1718 107 1764
2399 1465 1883 1765
2399 1718 107 1766
2399 1718 107 1767
2399 1718 1909 1768
2399 1718 1769
2399 1718 107 1770
2399 1718 925 1771
2399 1718 1663 1772
2399 1718 107 1773
2399 1718 1911 1774
2399 1718 107 1775
2399 1718 107 1776
2399 1465 1013 1777
2417 1912 428 1778
2399 1465 1883 1779
2399 1718 1780
2399 1718 107 1781
2399 1718 1782
2399 1718 107 1783
2399 1718 107 1784
2399 1718 107 1785
2399 1718 107 1786
2399 1718 107 1787
2399 1718 1197 1788
2399 1718 1663 1789
2399 1718 107 1790
2399 1718 1835 1791
2417 1577 1666 1792
2399 1718 1835 1793
2399 1718 1334 1794
2399 1718 1835 1795
2399 1718 1663 1796
2399 1718 107 1797
2399 1718 107 1798
2399 1718 1836 1799
2399 1718 1836 1800
2399 1718 107 1801
2399 1718 107 1802
2399 1718 107 1803
2399 1718 1863 1804
2399 1718 1911 1805
2399 1718 1702 1806
2399 1718 1540 1807
2417 1912 563 1808
2399 1718 1663 1809
2399 1718 1621 1810
2399 1718 1835 1811
2399 1718 107 1812
2399 1718 1911 1813
2399 1718 107 1814
2399 1718 107 1815
2399 1718 1835 1816
2399 1718 1817
2399 1718 1540 1818
2399 1718 1846 1819
2399 1718 107 1820
2399 1718 1522 1821
2417 1577 1666 1822
2399 1718 1835 1823
2399 1718 107 1824
2417 1577 1534 1825
2399 1718 1782 1826
2399 1718 1835 1827
2399 1718 107 1828
2399 1718 107 1829
2399 1718 107 1830
2399 1718 107 1831
2399 1465 1483 1832
2399 1718 1835 1833
2399 1718 107 1834
2399 1718 1835
2399 1718 1836
2399 1718 107 1837
2399 1718 107 1838
2399 1718 1909 1839
2399 1718 107 1840
2399 1718 107 1841
2399 1718 1835 1842
2399 1718 1440 1843
2399 1718 1334 1844
2399 1718 1835 1845
2399 1718 1846
2399 1718 107 1847
2399 1718 107 1848
2399 1718 1663 1849
2399 1718 107 1850
2399 1718 1846 1851
2399 1718 1852
2399 1718 107 1853
2399 1718 107 1854
2399 1718 107 1855
2417 1577 1029 1856
2399 1718 107 1857
2399 1718 1911 1858
2399 1718 107 1859
2399 1718 1911 1860
2399 1718 1835 1861
2399 1718 107 1862
2399 1718 1863
2399 1718 1835 1864
2399 1718 1911 1865
2399 1718 1165 1866
2399 1718 1835 1867
2399 1718 1663 1868
2399 1718 107 1869
2399 1718 107 1870
2399 1718 107 1871
2399 1718 107 1872
2399 1718 107 1873
2399 1718 107 1874
2399 1718 107 1875
2399 1718 107 1876
2399 1718 1663 1877
2399 1718 107 1878
2399 1718 1863 1879
2399 1718 107 1880
2399 1718 107 1881
2399 1718 107 1882
2399 1465 1883
2399 1718 107 1884
2399 1718 107 1885
2399 1718 1782 1886
2399 1718 107 1887
2399 1718 1863 1888
2399 1718 107 1889
2399 1718 107 1890
2399 1718 1835 1891
2399 1718 107 1892
2399 1718 107 1893
2399 1718 107 1894
2399 1718 107 1895
2399 1718 107 1896
2399 1718 1334 1897
2399 1718 1663 1898
2399 1718 107 1899
2417 1577 1173 1900
2399 1718 1509 1901
2399 1718 1911 1902
2399 1718 107 1903
2399 1718 107 1904
2399 1718 107 1905
2399 1718 107 1906
2399 1718 107 1907
2399 1465 1171 1908
2399 1718 1909
2399 1718 107 1910
2399 1718 1911
2417 1912
2413 1913
2378 1914
2412 1915
2399 1916
2414 1917
2410 1918
2365 1919
2399 1920
2378 1921
2412 1922
2416 1923
2401 1924
2414 1925
2417 1926
2378 1927
2417 1928
2414 1929
2411 1930
2364 1931
2398 1932
2360 1933
2388 1934
2389 1935
2403 1936
2412 1937
2414 1938
2415 1939
2417 1940
2410 1941
2393 1942
2414 1943
2416 1944
2417 1945
2414 1946
2415 1947
2384 1948
2277 1949
2159 1950
2378 1951
2416 1952
2414 1953
2377 1954
2398 1955
2301 1956
2378 1957
2365 1958
2396 1959
2411 1960
2317 1961
2414 1962
2410 1963
2416 1964
2361 1965
2414 1966
2417 1912 1967
2389 1968
2385 1969
2415 1970
2414 1971
2389 1972
2384 1973
2368 1974
2411 1975
2384 1976
2291 1977
2403 1978
2414 1979
2378 1980
2399 1981
2349 1982
2414 1983
2414 1984
2414 1985
2414 1986
2417 1987
2401 1988
2414 1989
2405 1990
2378 1991
2401 1992
2414 1993
2417 1994
2417 1995
2017 1996
2414 1997
2378 1998
2378 1999
2365 2000
2378 2001
2399 2002
2415 2003
2417 2004
2414 2005
2378 2006
2417 2007
2412 2008
2417 2009
2399 2010
2364 2011
2378 2012
2297 2013
2364 2014
2414 2418
2416 2419
2398 2420
2204 2421
2313 2422
2414 2423
2412 2424
2416 2425
2401 2426
2387 2427
2414 2428
2409 2429
2414 2430
2313 2431
2415 2432
2414 2433
2415 2434
2364 2435
2398 2436
2204 2437
2415 2438
2375 2439
2371 2440
2313 2441
2037 2442
2387 2443
2401 2444
2398 2445
2414 2446
2417 2447
2402 2448
2410 2449
2342 2450
2398 2451
2325 2452
2406 2453
2387 2454
2412 2455
2382 2456
2417 1912 2457
2399 2458
2417 2459
2414 2460
2399 2461
2414 2462
2399 2463
2414 2464
2396 2465
2401 2466
2414 2467
2414 2468
2414 2469
2417 1912 2470
2417 2471
2384 2472
2417 2473
2411 2474
2399 2475
2414 2476
2414 2477
2414 2478
2415 2479
2416 2480
2301 2535 2481
2414 2482
2417 1912 2483
2414 2484
2414 2485
2401 2486
2301 2487
2411 2488
2414 2489
2398 2490
2417 2491
2414 2492
2226 2493
2378 2494
2414 2495
2398 2496
2411 2497
2384 2498
2410 2499
2414 2500
2415 2501
2384 2502
2403 2503
2414 2504
2318 2651 2505
2414 2506
2414 2507
2417 2508
2415 2509
2398 2510
2415 2511
2410 2512
2401 2513
2406 2514
2401 2515
2399 2516
2133 2517
2398 2518
2399 2519
2414 2520
2414 2521
2347 2522
2411 2523
2309 2524
2416 2525
2414 2526
2387 2443 2527
2313 2528
2413 2529
2385 2530
2413 2531
2410 2532
2398 2533
2403 2534
2301 2535
2410 2536
2417 2537
2417 2538
2414 2539
2371 2540
2382 2456 2541
2414 2542
2417 2543
2399 2544
2391 2545
2414 2546
2398 2547
2375 2548
2414 2549
2414 2550
2410 2551
2414 2552
2414 2553
2410 2554
2399 2555
2414 2556
2416 2557
2375 2558
2414 2559
2414 2560
2414 2561
2397 2562
2414 2563
2414 2564
2017 2565
2406 2566
2398 2567
2274 2568
2417 1912 2569
2412 2570
2417 2571
2385 2572
2414 2573
2414 2574
2414 2575
2410 2576
2412 2577
2414 2578
2410 2579
2411 2580
2379 2581
2399 2582
2378 2583
2393 2584
2364 2585
2414 2586
2412 2587
2384 2588
2398 2589
2414 2590
2410 2591
2398 2592
2414 2593
2417 2594
2417 1912 2595
2417 1912 2596
2417 2597
2417 2598
2241 2599
2414 2600
2414 2601
2414 2602
2416 2603
2414 2604
2309 2605
2414 2606
2414 2607
2417 2608
2384 2609
2416 2610
2414 2611
2406 2612
2407 2613
2402 2614
2414 2615
2413 2616
2415 2617
2403 2618
2410 2619
2365 2620
2313 2621
2401 2622
2414 2623
2414 2624
2414 2625
2389 2626
2365 2627
2412 2628
2400 2629
2414 2630
2410 2631
2342 2632
2378 2633
2041 2634
2379 2635
2378 2636
2416 2637
2414 2638
2378 2639
2417 2640
2416 2641
2416 2642
2384 2643
2397 2644
2378 2645
2410 2646
2378 2647
2378 2648
2417 2649
2401 2650
2318 2651
2415 2652
2398 2653
2410 2654
2414 2655
2412 2656
2365 2657
2346 2658
2405 2659
2364 2660
2417 1577 1534 3265 2661
2417 1577 1666 1684 2662
2417 1577 1666 1684 2663
2417 1577 1666 1684 2664
2417 1577 1666 3263 2665
2417 1577 1666 1684 2666
2417 1577 1666 1684 2667
2417 1577 1666 1684 2668
2417 1577 1666 1684 2669
2417 1577 1666 1684 2670
2417 1577 1666 1684 2671
2417 1577 1666 3258 2672
2417 1577 1666 1684 2673
2417 1577 1534 3265 2674
2417 1577 1666 1684 2675
2417 1577 1666 1684 2676
2399 1465 1171 2677
2417 1577 1666 3263 2678
2417 1577 1666 1684 2679
2417 1577 1666 1684 2680
2417 1577 1666 1684 2681
2417 1577 1666 3100 2682
2417 1577 1666 1684 2683
2417 1577 1666 3258 2684
2417 1577 1666 3263 2685
2417 1577 1666 3111 2686
2417 1577 1666 1684 2687
2417 1577 1534 2764 2688
2417 1577 1666 1684 2689
2417 1577 1666 3100 2690
2417 1577 1666 1684 2691
2417 1577 1666 1684 2692
2417 1577 1534 2693
2417 1577 1666 1684 2694
2417 1577 1666 1684 2695
2417 1577 1534 3248 2696
2417 1577 1666 3186 2697
2417 1577 1666 1684 2698
2417 1577 1666 1684 2699
2417 1577 1534 3248 2700
2417 1577 1666 3258 2701
2417 1577 1666 1684 2702
2417 1577 1666 1684 2703
2417 1577 1666 1684 2704
2417 1577 1666 1684 2705
2417 1577 1666 1684 2706
2417 1577 1666 2707
2417 1577 1666 3258 2708
2417 1577 1666 1684 2709
2417 1577 1666 1684 2710
2417 1577 1666 1684 2711
2417 1577 1534 3101 2712
2417 1577 1666 1684 2713
2417 1577 1534 2979 2714
2417 1577 1666 1684 2715
2417 1577 1534 3385 2716
2417 1577 1666 1684 2717
2417 1577 1534 3385 2718
2417 1577 1666 3258 2719
2417 1577 1666 3263 2720
2417 1577 1666 1684 2721
2417 1577 1534 3265 2722
2417 1577 1666 1684 2723
2417 1577 1666 3263 2724
2417 1577 1666 1684 2725
2417 1577 1666 1684 2726
2417 1577 1666 3100 2727
2417 1577 1666 1684 2728
2417 1577 1666 1684 2729
2417 1577 1534 3385 2730
2417 1577 1666 1684 2731
2417 1577 1666 1684 2732
2417 1577 1666 3258 2733
2417 1577 1666 3186 2734
2417 1577 1534 3385 2735
2417 1577 1534 3248 2736
2417 1577 1666 2869 2737
2417 1577 1666 1684 2738
2417 1577 1666 1684 2739
2417 1577 1666 1684 2740
2417 1577 1666 1684 2741
2417 1577 1534 3265 2742
2417 1577 1666 1684 2743
2417 1577 1534 3385 2744
2417 1577 1666 1684 2745
2417 1577 1666 1684 2746
2417 1912 58 3173 2747
2417 1577 1534 3101 2748
2417 1577 1666 1684 2749
2417 1577 1666 1684 2750
2417 1577 1666 1684 2751
2417 1577 1666 1684 2752
2417 1577 1534 3101 2753
2417 1577 1666 1684 2754
2417 1577 1666 1684 2755
2417 1577 1666 1684 2756
2417 1577 1666 1684 2757
2417 1577 1534 3385 2758
2417 1577 1666 1684 2759
2417 1577 1666 3263 2760
2417 1577 1666 1684 2761
2417 1577 1534 3385 2762
2417 1577 1666 1684 2763
2417 1577 1534 2764
2417 1577 1534 3265 2765
2417 1577 1666 1684 2766
2417 1577 1666 1684 2767
2417 1577 1666 3263 2768
2417 1577 1666 1684 2769
2417 1577 1534 3265 2770
2417 1577 1534 3248 2771
2417 1577 1666 1684 2772
2417 1577 1666 1684 2773
2417 1577 1666 1684 2774
2417 1577 1666 3186 2775
2417 1577 1666 1684 2776
2417 1577 1666 1684 2777
2417 1577 1534 3265 2778
2417 1577 1666 1684 2779
2417 1577 1534 3265 2780
2417 1577 1534 3101 2781
2417 1577 1666 1684 2782
2417 1577 1534 3385 2783
2417 1577 1534 2979 2784
2417 1577 1534 3101 2785
2417 1577 1666 1684 2786
2417 1577 1534 3101 2787
2417 1577 1666 1684 2788
2417 1577 1666 1684 2789
2417 1577 1666 1684 2790
2417 1577 1666 1684 2791
2417 1577 1666 1684 2792
2417 1577 1534 3101 2793
2417 1577 1666 1684 2794
2417 1577 1534 3385 2795
2417 1577 1666 3111 2796
2417 1577 1666 3258 2797
2417 1577 1666 1684 2798
2417 1577 1666 1684 2799
2417 1577 1666 1684 2800
2417 1577 1666 1684 2801
2417 1577 1534 2693 2802
2417 1577 1666 3100 2803
2417 1577 1666 1684 2804
2417 1577 1666 1684 2805
2417 1577 1666 1684 2806
2417 1577 1666 1684 2807
2417 1577 1666 1684 2808
2417 1577 1666 1684 2809
2417 1577 1666 1684 2810
2417 1577 1666 1684 2811
2417 1577 1666 2869 2812
2417 1577 1666 3020 2813
2417 1912 58 2814
2417 1577 1666 1684 2815
2417 1577 1666 1684 2816
2417 1577 1666 1684 2817
2417 1577 1666 1684 2818
2417 1577 1534 3385 2819
2417 1577 1666 1684 2820
2417 1577 1666 1684 2821
2417 1577 1534 2822
2417 1577 1666 3258 2823
2417 1577 1666 1684 2824
2417 1577 1534 3385 2825
2399 1465 1171 2826
2417 1577 1666 1684 2827
2417 1577 1534 3265 2828
2417 1577 1666 1684 2829
2417 1577 1666 1684 2830
2417 1577 1534 2822 2831
2417 1577 1666 1684 2832
2417 1577 1534 3265 2833
2417 1577 1666 1684 2834
2417 1577 1666 1684 2835
2417 1577 1534 3248 2836
2417 1577 1666 1684 2837
2417 1912 58 2838
2417 1577 1666 1684 2839
2417 1577 1666 3111 2840
2417 1577 1534 3248 2841
2417 1577 1666 1684 2842
2417 1577 1534 3385 2843
2417 1577 1534 3385 2844
2417 1577 1666 3263 2845
2417 1577 1666 1684 2846
2417 1577 1666 3263 2847
2417 1577 1666 1684 2848
2417 1577 1534 3265 2849
2417 1577 1666 1684 2850
2417 1577 1666 1684 2851
2417 1577 1666 1684 2852
2417 1577 1534 3265 2853
2417 1577 1666 1684 2854
2417 1577 1666 1684 2855
2417 1577 1666 3020 2856
2417 1577 1666 1684 2857
2417 1577 1534 3248 2858
2417 1577 1666 3263 2859
2417 1577 1666 1684 2860
2417 1577 1666 1684 2861
2417 1577 1666 1684 2862
2417 1577 1534 3265 2863
2417 1577 1666 1684 2864
2417 1577 1534 3385 2865
2417 1577 1666 1684 2866
2417 1577 1666 1684 2867
2417 1577 1666 1684 2868
2417 1577 1666 2869
2417 1577 1666 3186 2870
2417 1577 1666 3111 2871
2417 1577 1666 1684 2872
2417 1577 1666 1684 2873
2417 1577 1666 1684 2874
2417 1577 1666 3258 2875
2417 1577 1666 1684 2876
2417 1577 1666 1684 2877
2417 1577 1666 3020 2878
2417 1577 1666 1684 2879
2417 1577 1666 1684 2880
2417 1577 1666 3111 2881
2417 1577 1666 2968 2882
2417 1577 1666 2883
2417 1577 1666 1684 2884
2417 1912 58 2885
2417 1577 1666 1684 2886
2417 1577 1666 1684 2887
2417 1577 1666 1684 2888
2417 1577 1666 1684 2889
2417 1577 1666 1684 2890
2417 1577 1666 1684 2891
2417 1577 1666 1684 2892
2417 1577 1666 1684 2893
2417 1577 1666 3258 2894
2417 1577 1666 1684 2895
2417 1577 1666 1684 2896
2417 1577 1666 1684 2897
2417 1577 1534 3248 2898
2417 1577 1666 1684 2899
2417 1577 1666 1684 2900
2417 1912 58 3173 2901
2417 1577 1666 1684 2902
2417 1577 1666 3258 2903
2417 1577 1666 1684 2904
2417 1577 1666 1684 2905
2417 1577 1666 1684 2906
2417 1577 1666 1684 2907
2417 1577 1666 1684 2908
2417 1577 1666 1684 2909
2417 1577 1666 1684 2910
2417 1577 1666 1684 2911
2417 1577 1666 1684 2912
2417 1577 1666 1684 2913
2417 1577 1534 3361 2914
2417 1577 1666 1684 2915
2417 1577 1666 1684 2916
2417 1577 1666 1684 2917
2417 1577 1534 3385 2918
2417 1577 1666 1684 2919
2417 1577 1666 1684 2920
2417 1577 1666 3263 2921
2417 1577 1666 1684 2922
2417 1577 1534 3265 2923
2417 1577 1666 1684 2924
2417 1577 1666 1684 2925
2417 1577 1666 1684 2926
2417 1577 1666 1684 2927
2417 1577 1666 1684 2928
2417 1577 1666 1684 2929
2417 1577 1666 1684 2930
2417 1577 1666 1684 2931
2417 1577 1534 3385 2932
2417 1577 1666 3020 2933
2417 1577 1534 3385 2934
2417 1577 1666 3020 2935
2417 1577 1534 3101 2936
2417 1577 1666 3258 2937
2417 1577 1666 3289 2938
2417 1577 1534 3265 2939
2417 1577 1666 1684 2940
2417 1577 1534 3361 2941
2417 1577 1666 1684 2942
2417 1577 1666 1684 2943
2417 1577 1666 1684 2944
2417 1577 1666 1684 2945
2417 1577 1666 3263 2946
2417 1577 1666 3100 2947
2417 1577 1666 1684 2948
2417 1577 1666 3020 2949
2417 1577 1666 3258 2950
2417 1577 1666 3263 2951
2417 1577 1666 1684 2952
2417 1577 1666 1684 2953
2417 1577 1534 3248 2954
2417 1577 1534 3385 2955
2417 1577 1666 1684 2956
2417 1577 1666 3263 2957
2417 1577 1666 3111 2958
2417 1577 1666 1684 2959
2417 1577 1666 1684 2960
2417 1577 1666 1684 2961
2417 1577 1666 1684 2962
2417 1577 1666 1684 2963
2417 1577 1666 3289 2964
2417 1577 1666 1684 2965
2417 1577 1666 1684 2966
2417 1577 1666 1684 2967
2417 1577 1666 2968
2417 1577 1666 1684 2969
2417 1577 1534 3265 2970
2399 1465 1171 2677 2971
2417 1577 1666 1684 2972
2417 1577 1534 3101 2973
2417 1577 1666 1684 2974
2417 1577 1666 1684 2975
2417 1577 1666 3289 2976
2417 1577 1666 1684 2977
2417 1577 1666 1684 2978
2417 1577 1534 2979
2417 1577 1666 2869 2980
2417 1577 1666 1684 2981
2417 1577 1666 1684 2982
2417 1577 1666 3020 2983
2417 1577 1666 3263 2984
2417 1577 1666 1684 2985
2417 1577 1666 1684 2986
2417 1577 1666 1684 2987
2417 1577 1666 1684 2988
2417 1577 1534 3101 2989
2417 1577 1666 1684 2990
2417 1577 1534 3265 2991
2417 1577 1534 3101 2992
2417 1577 1666 1684 2993
2417 1577 1666 1684 2994
2417 1577 1666 1684 2995
2417 1577 1534 3385 2996
2417 1577 1666 3020 2997
2417 1577 1666 1684 2998
2417 1577 1534 3361 2999
2417 1577 1666 1684 3000
2417 1577 1666 3245 3001
2417 1577 1534 3385 3002
2417 1912 58 3003
2417 1577 1666 1684 3004
2417 1577 1666 3111 3005
2417 1577 1666 1684 3006
2417 1577 1534 3101 3007
2417 1577 1666 1684 3008
2417 1577 1666 1684 3009
2417 1577 1666 1684 3010
2417 1577 1666 3263 3011
2417 1577 1666 3020 3012
2417 1577 1666 1684 3013
2417 1577 1666 1684 3014
2417 1577 1666 1684 3015
2417 1577 1666 2869 3016
2417 1577 1534 3385 3017
2417 1577 1534 3248 3018
2417 1577 1666 3186 3019
2417 1577 1666 3020
2417 1577 1534 3265 3021
2417 1577 1666 1684 3022
2417 1577 1666 1684 3023
2417 1577 1666 1684 3024
2417 1577 1666 1684 3025
2417 1577 1666 1684 3026
2417 1577 1534 3101 3027
2417 1577 1666 1684 3028
2417 1577 1666 1684 3029
2417 1577 1666 1684 3030
2417 1577 1666 1684 3031
2417 1577 1534 3385 3032
2417 1577 1666 1684 3033
2417 1577 1534 3385 3034
2417 1577 1534 3265 3035
2417 1577 1666 1684 3036
2417 1577 1666 1684 3037
2417 1577 1666 3258 3038
2417 1577 1666 3111 3039
2417 1577 1666 1684 3040
2417 1577 1534 3101 3041
2417 1577 1666 1684 3042
2417 1577 1534 3248 3043
2417 1577 1666 1684 3044
2417 1577 1666 1684 3045
2417 1577 1534 3248 3046
2417 1577 1666 1684 3047
2417 1577 1666 1684 3048
2417 1577 1534 3265 3049
2417 1577 1666 1684 3050
2417 1577 1666 3186 3051
2417 1577 1666 1684 3052
2417 1577 1666 1684 3053
2417 1577 1666 1684 3054
2417 1577 1666 1684 3055
2417 1577 1666 1684 3056
2417 1577 1666 3278 3057
2417 1577 1666 1684 3058
2417 1577 1666 1684 3059
2417 1577 1666 3258 3060
2417 1577 1666 3263 3061
2417 1577 1666 3289 3062
2417 1577 1666 3020 3063
2417 1577 1666 1684 3064
2417 1577 1666 1684 3065
2417 1577 1666 1684 3066
2417 1577 1666 1684 3067
2417 1577 1666 1684 3068
2417 1577 1534 2693 3069
2417 1577 1534 3265 3070
2417 1577 1666 1684 3071
2417 1577 1534 3385 3072
2417 1577 1666 1684 3073
2417 1577 1666 1684 3074
2417 1577 1666 1684 3075
2417 1577 1666 3289 3076
2417 1577 1534 3361 3077
2417 1577 1666 1684 3078
2417 1577 1666 3258 3079
2417 1577 1666 1684 3080
2417 1577 1666 3263 3081
2417 1577 1534 3265 3082
2417 1577 1666 3020 3083
2417 1577 1666 1684 3084
2417 1577 1666 1684 3085
2417 1577 1666 3263 3086
2417 1577 1534 3385 3087
2417 1577 1666 1684 3088
2417 1577 1666 3263 3089
2417 1577 1666 1684 3090
2417 1577 1666 1684 3091
2417 1577 1666 1684 3092
2417 1577 1666 1684 3093
2417 1577 1666 1684 3094
2417 1577 1666 1684 3095
2417 1577 1666 1684 3096
2417 1577 1534 3101 3097
2417 1577 1666 1684 3098
2417 1577 1666 1684 3099
2417 1577 1666 3100
2417 1577 1534 3101
2417 1577 1534 3265 3102
2399 1465 1171 2677 3103
2417 1577 1666 1684 3104
2417 1577 1666 1684 3105
2417 1577 1534 3101 3106
2417 1577 1666 3263 3107
2417 1577 1666 1684 3108
2417 1577 1666 1684 3109
2417 1577 1534 3101 3110
2417 1577 1666 3111
2417 1577 1666 1684 3112
2417 1577 1534 3101 3113
2417 1577 1666 1684 3114
2417 1577 1534 3265 3115
2417 1577 1534 3265 3116
2417 1912 58 3173 3117
2417 1577 1666 3263 3118
2417 1577 1666 1684 3119
2417 1577 1534 3101 3120
2417 1577 1666 1684 3121
2417 1577 1666 1684 3122
2417 1577 1666 1684 3123
2417 1912 58 3173 3124
2417 1577 1666 1684 3125
2417 1577 1666 1684 3126
2417 1577 1666 1684 3127
2417 1577 1666 1684 3128
2417 1577 1666 1684 3129
2417 1577 1666 1684 3130
2417 1577 1666 1684 3131
2417 1577 1534 3265 3132
2417 1577 1666 2707 3133
2417 1577 1666 1684 3134
2417 1577 1666 1684 3135
2417 1577 1534 3385 3136
2417 1577 1666 1684 3137
2417 1577 1666 1684 3138
2417 1577 1666 1684 3139
2417 1577 1534 3101 3140
2417 1577 1666 1684 3141
2417 1577 1666 1684 3142
2417 1577 1666 1684 3143
2417 1577 1666 1684 3144
2417 1577 1534 3385 3145
2417 1577 1534 3265 3146
2417 1577 1666 1684 3147
2417 1577 1666 1684 3148
2417 1577 1666 1684 3149
2417 1577 1534 3265 3150
2417 1577 1666 1684 3151
2417 1577 1534 3265 3152
2417 1577 1666 1684 3153
2417 1577 1666 3100 3154
2417 1577 1534 3101 3155
2417 1577 1534 3385 3156
2417 1577 1666 3111 3157
2417 1577 1666 1684 3158
2417 1577 1666 1684 3159
2417 1577 1666 3186 3160
2417 1577 1666 3245 3161
2417 1577 1666 3100 3162
2417 1577 1666 1684 3163
2417 1577 1666 3263 3164
2399 1465 1171 2826 3165
2417 1577 1666 1684 3166
2417 1577 1534 3385 3167
2417 1577 1666 3100 3168
2417 1577 1534 3385 3169
2417 1577 1666 2869 3170
2417 1577 1666 1684 3171
2417 1577 1666 3258 3172
2417 1912 58 3173
2417 1577 1666 1684 3174
2417 1577 1666 1684 3175
2417 1577 1666 1684 3176
2417 1577 1666 3186 3177
2417 1577 1666 1684 3178
2417 1577 1534 3265 3179
2417 1577 1666 1684 3180
2417 1577 1666 1684 3181
2417 1577 1666 3258 3182
2417 1577 1666 1684 3183
2417 1577 1666 1684 3184
2417 1577 1534 3385 3185
2417 1577 1666 3186
2417 1577 1534 3385 3187
2417 1577 1534 3265 3188
2417 1577 1666 3111 3189
2417 1577 1534 3248 3190
2417 1577 1666 3258 3191
2417 1577 1534 3385 3192
2417 1577 1666 1684 3193
2417 1577 1666 1684 3194
2417 1577 1666 1684 3195
2417 1577 1534 3385 3196
2417 1577 1666 1684 3197
2417 1577 1534 3385 3198
2417 1577 1666 2869 3199
2417 1577 1666 1684 3200
2417 1577 1534 3265 3201
2417 1577 1666 1684 3202
2417 1577 1666 1684 3203
2417 1577 1666 2869 3204
2417 1577 1666 3278 3205
2417 1577 1534 3101 3206
2417 1577 1666 1684 3207
2417 1577 1666 1684 3208
2417 1577 1666 1684 3209
2417 1912 58 3173 3210
2399 1465 1171 2826 3211
2417 1577 1666 1684 3212
2417 1577 1666 1684 3213
2417 1577 1534 3248 3214
2417 1577 1666 1684 3215
2417 1577 1666 1684 3216
2417 1577 1666 1684 3217
2417 1577 1666 1684 3218
2417 1577 1534 3385 3219
2417 1577 1666 1684 3220
2417 1577 1534 3248 3221
2417 1577 1666 3222
2417 1577 1666 2883 3223
2417 1577 1666 3111 3224
2417 1577 1666 3111 3225
2417 1577 1666 1684 3226
2417 1577 1666 1684 3227
2417 1577 1666 1684 3228
2417 1577 1666 1684 3229
2417 1577 1666 1684 3230
2417 1577 1666 1684 3231
2417 1577 1666 1684 3232
2417 1577 1666 3186 3233
2417 1577 1666 1684 3234
2417 1577 1666 1684 3235
2417 1577 1534 3385 3236
2417 1577 1666 1684 3237
2417 1577 1666 1684 3238
2417 1577 1534 3265 3239
2417 1577 1666 3111 3240
2417 1577 1666 1684 3241
2417 1577 1666 1684 3242
2417 1577 1666 1684 3243
2417 1577 1666 1684 3244
2417 1577 1666 3245
2417 1577 1666 3186 3246
2417 1577 1534 3265 3247
2417 1577 1534 3248
2417 1577 1666 1684 3249
2417 1577 1666 1684 3250
2417 1577 1666 1684 3251
2417 1577 1534 3385 3252
2417 1577 1534 3385 3253
2417 1577 1666 1684 3254
2417 1577 1534 3385 3255
2417 1577 1534 3385 3256
2417 1577 1666 1684 3257
2417 1577 1666 3258
2417 1577 1666 3263 3259
2417 1577 1666 1684 3260
2417 1577 1666 3111 3261
2417 1577 1666 3258 3262
2417 1577 1666 3263
2417 1577 1534 3385 3264
2417 1577 1534 3265
2417 1577 1666 3263 3266
2417 1577 1534 3265 3267
2417 1577 1666 1684 3268
2417 1577 1666 1684 3269
2417 1577 1666 2869 3270
2417 1577 1666 1684 3271
2417 1577 1666 1684 3272
2417 1577 1666 1684 3273
2417 1577 1666 3258 3274
2417 1577 1534 3385 3275
2417 1577 1666 1684 3276
2417 1577 1534 3265 3277
2417 1577 1666 3278
2417 1577 1666 3263 3279
2417 1577 1534 3265 3280
2417 1577 1666 1684 3281
2417 1577 1666 1684 3282
2417 1577 1666 1684 3283
2417 1577 1666 1684 3284
2417 1577 1666 1684 3285
2417 1577 1666 1684 3286
2417 1577 1666 3263 3287
2417 1577 1534 3101 3288
2417 1577 1666 3289
2399 1465 1171 3290
2417 1577 1666 3258 3291
2417 1577 1666 1684 3292
2417 1577 1666 1684 3293
2417 1577 1666 1684 3294
2417 1577 1666 3186 3295
2417 1577 1534 3101 3296
2417 1577 1534 3265 3297
2417 1577 1666 3111 3298
2417 1577 1666 3258 3299
2417 1577 1666 1684 3300
2417 1577 1666 1684 3301
2417 1577 1666 3289 3302
2417 1577 1666 1684 3303
2417 1577 1666 1684 3304
2417 1577 1666 1684 3305
2417 1577 1666 1684 3306
2417 1577 1666 1684 3307
2417 1577 1666 3263 3308
2417 1577 1666 1684 3309
2417 1577 1534 2693 3310
2417 1577 1666 1684 3311
2417 1577 1666 1684 3312
2417 1577 1534 3248 3313
2417 1577 1666 1684 3314
2417 1577 1666 1684 3315
2417 1577 1534 3265 3316
2417 1577 1666 1684 3317
2417 1577 1666 1684 3318
2417 1577 1534 2764 3319
2417 1577 1666 3258 3320
2417 1577 1666 1684 3321
2417 1577 1666 1684 3322
2417 1577 1666 1684 3323
2417 1577 1666 1684 3324
2417 1577 1666 1684 3325
2417 1577 1666 1684 3326
2417 1577 1534 3248 3327
2417 1577 1666 1684 3328
2417 1577 1666 1684 3329
2417 1577 1534 3101 3330
2417 1577 1666 3289 3331
2417 1577 1666 3258 3332
2417 1577 1666 1684 3333
2417 1577 1666 1684 3334
2417 1577 1534 3385 3335
2417 1577 1666 1684 3336
2417 1577 1666 3100 3337
2417 1577 1666 1684 3338
2417 1577 1666 1684 3339
2417 1577 1666 3222 3340
2417 1577 1666 3289 3341
2417 1577 1666 3258 3342
2417 1577 1666 2968 3343
2417 1577 1534 3101 3344
2417 1577 1666 1684 3345
2417 1577 1534 3361 3346
2417 1577 1534 3101 3347
2417 1577 1666 1684 3348
2417 1577 1666 1684 3349
2417 1577 1666 3258 3350
2417 1577 1534 3265 3351
2417 1577 1666 1684 3352
2417 1577 1534 3385 3353
2417 1577 1666 1684 3354
2417 1577 1534 3101 3355
2417 1577 1666 1684 3356
2417 1577 1666 1684 3357
2417 1577 1534 3385 3358
2417 1577 1666 1684 3359
2417 1577 1666 3258 3360
2417 1577 1534 3361
2417 1577 1666 1684 3362
2417 1577 1666 1684 3363
2417 1577 1666 1684 3364
2417 1577 1534 3385 3365
2417 1577 1534 3101 3366
2417 1577 1666 1684 3367
2417 1577 1666 3020 3368
2417 1577 1534 3385 3369
2417 1577 1666 1684 3370
2417 1577 1666 1684 3371
2417 1577 1666 1684 3372
2417 1577 1534 3101 3373
2417 1577 1666 1684 3374
2399 1465 1171 2677 3375
2417 1577 1666 1684 3376
2417 1577 1666 3111 3377
2417 1577 1666 3111 3378
2417 1577 1666 1684 3379
2417 1577 1666 1684 3380
2417 1912 58 3173 3381
2417 1577 1666 1684 3382
2417 1577 1534 3248 3383
2417 1577 1666 1684 3384
2417 1577 1534 3385
2417 1577 1666 3186 3386
2417 1577 1666 1684 3387
2417 1577 1666 1684 3388
2417 1577 1534 3248 3389
2417 1577 1666 1684 3390
2417 1577 1534 3101 3391
2417 1577 1666 1684 3392
2417 1577 1666 1684 3393
2417 1577 1666 1684 3394
2417 1577 1534 3248 3395
2417 1577 1666 3289 3396
2417 1577 1534 3265 3397
2417 1577 1666 3263 3398
2417 1577 1666 1684 3399
2417 1577 1666 1684 3400
2417 1577 1666 1684 3401
2417 1577 1666 1684 3402
2417 1577 1666 3263 3403
2417 1577 1666 1684 3404
2417 1577 1666 3263 3405
2417 1577 1666 3263 3406
2417 1577 1666 1684 3407
2417 1577 1666 1684 3408
2417 1577 1534 2979 3409
2417 1577 1666 1684 3410
2417 1577 1666 3258 3411
2417 1577 1666 3020 3412
2417 1577 1666 1684 3413
2417 1577 1666 1684 3414
2417 1577 1666 3111 3415
2417 1577 1534 3265 3416
2417 1577 1666 1684 3417
2417 1912 58 3173 3418
2417 1577 1534 3265 3419
2399 1465 1171 2677 3420
2417 1577 1666 1684 3421
2417 1577 1666 3111 3422
2417 1577 1666 1684 3423
2417 1577 1534 3248 3424
2417 1577 1666 1684 3425
2417 1577 1666 1684 3426
2417 1577 1666 1684 3427
2417 1577 1666 1684 3428
2417 1577 1666 1684 3429
2417 1577 1666 1684 3430
2417 1577 1534 3248 3431
2399 1718 1835 1758 3432
2417 1577 1666 1684 3433
2417 1577 1666 3258 3434
2417 1577 1666 1684 3435
2417 1577 1666 1684 3436
2399 1718 1165 1085 3437
2399 1718 1165 1085 3877 3438
2399 1718 1165 1085 3437 3439
2399 1718 1165 1085 3440
2399 1718 1165 1085 3437 3441
2399 1718 1165 1085 3437 3442
2399 1718 1165 1085 3437 3443
2417 1912 563 567 3861 3444
2399 1718 1165 1085 3437 3445
2399 1718 1165 1085 3437 3446
2399 1718 1165 1085 3437 3447
2399 1718 1165 1085 3948 3448
2399 1718 1165 1085 3962 3449
2399 1718 1165 1085 3437 3450
2399 1718 1165 1085 3437 3451
2399 1718 1165 1085 3877 3452
2399 1718 1165 1085 3437 3453
2417 1912 563 567 3454
2399 1718 1165 1085 3886 3455
2399 1718 1165 1085 3456
2399 1718 1165 1085 3830 3457
2399 1718 1165 1085 3437 3458
2399 1718 1165 1085 3437 3459
2399 1718 1165 1085 3437 3460
2399 1718 1165 1085 3495 3461
2399 1718 1165 1085 3877 3462
2417 1912 563 567 3861 3463
2399 1718 1165 1085 3437 3464
2399 1718 1165 1085 3437 3465
2399 1718 1165 1085 3437 3466
2399 1718 1165 1085 3830 3467
2399 1718 1165 1085 3437 3468
2399 1718 1165 1085 3561 3469
2399 1718 1165 1085 3437 3470
2399 1718 1165 1085 3877 3471
2399 1718 1165 1085 3437 3472
2399 1718 1165 1085 3437 3473
2399 1718 1165 1085 3437 3474
2399 1718 1165 1085 3948 3475
2399 1718 1165 1085 3437 3476
2399 1718 1165 1085 3756 3477
2399 1718 1165 1085 3437 3478
2399 1718 1165 1085 3830 3479
2399 1718 1165 1085 3830 3480
2399 1718 1165 1085 3830 3481
2399 1718 1165 1085 3437 3482
2399 1718 1165 1085 3437 3483
2399 1718 1165 1085 3684 3484
2399 1718 1165 1085 3437 3485
2399 1718 1165 1085 3437 3486
2417 1912 563 567 3487
2399 1718 1165 1085 3877 3488
2399 1718 1165 1085 3437 3489
2399 1718 1165 1085 3437 3490
2399 1718 1165 1085 3962 3491
2399 1718 1165 1085 3756 3492
2399 1718 1165 1085 3437 3493
2399 1718 1165 1085 3437 3494
2399 1718 1165 1085 3495
2417 1912 563 567 3861 3496
2399 1718 1165 1085 3437 3497
2399 1718 1165 1085 3437 3498
2399 1718 1165 1085 3437 3499
2399 1718 1165 1085 3437 3500
2399 1718 1165 1085 3501
2399 1718 1165 1085 3830 3502
2399 1718 1165 1085 3437 3503
2417 1912 563 567 3723 3504
2399 1718 1165 1085 3437 3505
2399 1718 1165 1085 3437 3506
2399 1718 1165 1085 3437 3507
2399 1718 1165 1085 3437 3508
2399 1718 1165 1085 3437 3509
2399 1718 1165 1085 3437 3510
2399 1718 1165 1085 3437 3511
2399 1718 1165 1085 3830 3512
2399 1718 1165 1085 3437 3513
2399 1718 1165 1085 3830 3514
2399 1718 1165 1085 3437 3515
2399 1718 1165 1085 3830 3516
2399 1718 1165 1085 3948 3517
2399 1718 1165 1085 3830 3518
2399 1718 1165 1085 3437 3519
2399 1718 1165 1085 3684 3520
2399 1718 1165 1085 3962 3521
2399 1718 1165 1085 3872 3522
2399 1718 1165 1085 3830 3523
2399 1718 1165 1085 3437 3524
2399 1718 1165 1085 3525
2399 1718 1165 1085 3684 3526
2399 1718 1165 1085 3851 3527
2399 1718 1165 1085 3437 3528
2399 1718 1165 1085 3437 3529
2417 1912 563 567 3723 3530
2399 1718 1165 1085 3437 3531
2399 1718 1165 1085 3437 3532
2399 1718 1165 1085 3948 3533
2399 1718 1165 1085 3437 3534
2399 1718 1165 1085 3437 3535
2399 1718 1165 1085 3437 3536
2399 1718 1165 1085 3437 3537
2399 1718 1165 1085 3437 3538
2399 1718 1165 1085 3437 3539
2399 1718 1165 1085 3540
2399 1718 1165 1085 3437 3541
2399 1718 1165 1085 3437 3542
2399 1718 1165 1085 3437 3543
2399 1718 1165 1085 3674 3544
2399 1718 1165 1085 3962 3545
2399 1718 1165 1085 3437 3546
2399 1718 1165 1085 3750 3547
2399 1718 1165 1085 3948 3548
2399 1718 1165 1085 3437 3549
2399 1718 1165 1085 3550
2417 1912 563 567 3961 3551
2399 1718 1165 1085 3886 3552
2399 1718 1165 1085 3437 3553
2399 1718 1165 1085 3561 3554
2399 1718 1165 1085 3437 3555
2399 1718 1165 1085 3556
2399 1718 1165 1085 3456 3557
2399 1718 1165 1085 3437 3558
2399 1718 1165 1085 3877 3559
2399 1718 1165 1085 3830 3560
2399 1718 1165 1085 3561
2399 1718 1165 1085 3830 3562
2399 1718 1165 1085 3962 3563
2399 1718 1165 1085 3437 3564
2399 1718 1165 1085 3756 3565
2417 1912 563 567 3961 3566
2399 1718 1165 1085 3437 3567
2399 1718 1165 1085 3437 3568
2399 1718 1165 1085 3437 3569
2399 1718 1165 1085 3437 3570
2399 1718 1165 1085 3437 3571
2399 1718 1165 1085 3437 3572
2399 1718 1165 1085 3877 3573
2399 1718 1165 1085 3877 3574
2399 1718 1165 1085 3872 3575
2399 1718 1165 1085 3877 3576
2399 1718 1165 1085 3577
2399 1718 1165 1085 3877 3578
2399 1718 1165 1085 3437 3579
2399 1718 1165 1085 3437 3580
2399 1718 1165 1085 3437 3581
2399 1718 1165 1085 3437 3582
2399 1718 1165 1085 3437 3583
2399 1718 1165 1085 3437 3584
2399 1718 1165 1085 3437 3585
2399 1718 1165 1085 3948 3586
2399 1718 1165 1085 3437 3587
2399 1718 1165 1085 3437 3588
2399 1718 1165 1085 3592 3589
2399 1718 1165 1085 3756 3590
2399 1718 1165 1085 3437 3591
2399 1718 1165 1085 3592
2399 1718 1165 1085 3437 3593
2399 1718 1165 1085 3830 3594
2399 1718 1165 1085 3437 3595
2399 1718 1165 1085 3962 3596
2399 1718 1165 1085 3437 3597
2399 1718 1165 1085 3437 3598
2399 1718 1165 1085 3437 3599
2417 1912 563 567 3861 3600
2399 1718 1165 1085 3437 3601
2399 1718 1165 1085 3437 3602
2399 1718 1165 1085 3756 3603
2399 1718 1165 1085 3962 3604
2399 1718 1165 1085 3948 3605
2399 1718 1165 1085 3437 3606
2399 1718 1165 1085 3437 3607
2399 1718 1165 1085 3437 3608
2399 1718 1165 1085 3609
2399 1718 1165 1085 3674 3610
2399 1718 1165 1085 3877 3611
2399 1718 1165 1085 3561 3612
2399 1718 1165 1085 3830 3613
2399 1718 1165 1085 3437 3614
2399 1718 1165 1085 3437 3615
2399 1718 1165 1085 3437 3616
2399 1718 1165 1085 3830 3617
2399 1718 1165 1085 3851 3618
2399 1718 1165 1085 3437 3619
2399 1718 1165 1085 3437 3620
2417 1912 563 567 3861 3621
2399 1718 1165 1085 3437 3622
2399 1718 1165 1085 3437 3623
2399 1718 1165 1085 3437 3624
2399 1718 1165 1085 3962 3625
2399 1718 1165 1085 3592 3626
2399 1718 1165 1085 3437 3627
2399 1718 1165 1085 3962 3628
2399 1718 1165 1085 3437 3629
2399 1718 1165 1085 3437 3630
2399 1718 1165 1085 3437 3631
2399 1718 1165 1085 3437 3632
2399 1718 1165 1085 3633
2399 1718 1165 1085 3437 3634
2399 1718 1165 1085 3948 3635
2399 1718 1165 1085 3437 3636
2399 1718 1165 1085 3756 3637
2399 1718 1165 1085 3437 3638
2399 1718 1165 1085 3830 3639
2399 1718 1165 1085 3437 3640
2399 1718 1165 1085 3437 3641
2399 1718 1165 1085 3577 3642
2399 1718 1165 1085 3437 3643
2399 1718 1165 1085 3437 3644
2399 1718 1165 1085 3437 3645
2399 1718 1165 1085 3437 3646
2399 1718 1165 1085 3437 3647
2399 1718 1165 1085 3437 3648
2399 1718 1165 1085 3830 3649
2399 1718 1165 1085 3437 3650
2399 1718 1165 1085 3651
2399 1718 1165 1085 3437 3652
2399 1718 1165 1085 3437 3653
2399 1718 1165 1085 3830 3654
2399 1718 1165 1085 3437 3655
2399 1718 1165 1085 3948 3656
2399 1718 1165 1085 3437 3657
2399 1718 1165 1085 3756 3658
2399 1718 1165 1085 3437 3659
2399 1718 1165 1085 3437 3660
2399 1718 1165 1085 3948 3661
2399 1718 1165 1085 3437 3662
2399 1718 1165 1085 3437 3663
2399 1718 1165 1085 3437 3664
2399 1718 1165 1085 3437 3665
2399 1718 1165 1085 3437 3666
2399 1718 1165 1085 3962 3667
2399 1718 1165 1085 3437 3668
2399 1718 1165 1085 3830 3669
2399 1718 1165 1085 3948 3670
2399 1718 1165 1085 3437 3671
2399 1718 1165 1085 3962 3672
2417 1912 563 567 3454 3673
2399 1718 1165 1085 3674
2399 1718 1165 1085 3437 3675
2399 1718 1165 1085 3437 3676
2399 1718 1165 1085 3677
2399 1718 1165 1085 3437 3678
2399 1718 1165 1085 3437 3679
2399 1718 1165 1085 3830 3680
2399 1718 1165 1085 3437 3681
2399 1718 1165 1085 3437 3682
2399 1718 1165 1085 3948 3683
2399 1718 1165 1085 3684
2399 1718 1165 1085 3437 3685
2399 1718 1165 1085 3437 3686
2399 1718 1165 1085 3830 3687
2399 1718 1165 1085 3556 3688
2399 1718 1165 1085 3721 3689
2399 1718 1165 1085 3437 3690
2399 1718 1165 1085 3830 3691
2399 1718 1165 1085 3692
2399 1718 1165 1085 3948 3693
2399 1718 1165 1085 3437 3694
2399 1718 1165 1085 3830 3695
2399 1718 1165 1085 3437 3696
2399 1718 1165 1085 3830 3697
2399 1718 1165 1085 3437 3698
2399 1718 1165 1085 3437 3699
2399 1718 1165 1085 3830 3700
2399 1718 1165 1085 3437 3701
2399 1718 1165 1085 3948 3702
2399 1718 1165 1085 3830 3703
2399 1718 1165 1085 3437 3704
2399 1718 1165 1085 3437 3705
2399 1718 1165 1085 3437 3706
2399 1718 1165 1085 3756 3707
2399 1718 1165 1085 3437 3708
2399 1718 1165 1085 3437 3709
2399 1718 1165 1085 3437 3710
2399 1718 1165 1085 3437 3711
2399 1718 1165 1085 3692 3712
2399 1718 1165 1085 3437 3713
2399 1718 1165 1085 3437 3714
2399 1718 1165 1085 3437 3715
2399 1718 1165 1085 3437 3716
2399 1718 1165 1085 3830 3717
2399 1718 1165 1085 3437 3718
2399 1718 1165 1085 3437 3719
2399 1718 1165 1085 3437 3720
2399 1718 1165 1085 3721
2399 1718 1165 1085 3437 3722
2417 1912 563 567 3723
2399 1718 1165 1085 3437 3724
2399 1718 1165 1085 3437 3725
2417 1912 563 567 3861 3726
2399 1718 1165 1085 3437 3727
2399 1718 1165 1085 3437 3728
2399 1718 1165 1085 3437 3729
2399 1718 1165 1085 3437 3730
2399 1718 1165 1085 3877 3731
2399 1718 1165 1085 3437 3732
2417 1912 563 567 3861 3733
2399 1718 1165 1085 3962 3734
2399 1718 1165 1085 3437 3735
2399 1718 1165 1085 3948 3736
2399 1718 1165 1085 3525 3737
2399 1718 1165 1085 3561 3738
2399 1718 1165 1085 3437 3739
2399 1718 1165 1085 3437 3740
2399 1718 1165 1085 3741
2417 1912 563 567 3861 3742
2399 1718 1165 1085 3437 3743
2399 1718 1165 1085 3830 3744
2399 1718 1165 1085 3437 3745
2399 1718 1165 1085 3437 3746
2399 1718 1165 1085 3437 3747
2399 1718 1165 1085 3437 3748
2399 1718 1165 1085 3437 3749
2399 1718 1165 1085 3750
2399 1718 1165 1085 3437 3751
2399 1718 1165 1085 3561 3752
2399 1718 1165 1085 3437 3753
2399 1718 1165 1085 3437 3754
2399 1718 1165 1085 3830 3755
2399 1718 1165 1085 3756
2399 1718 1165 1085 3437 3757
2399 1718 1165 1085 3437 3758
2399 1718 1165 1085 3437 3759
2399 1718 1165 1085 3962 3760
2399 1718 1165 1085 3437 3761
2399 1718 1165 1085 3456 3762
2399 1718 1165 1085 3437 3763
2399 1718 1165 1085 3437 3764
2399 1718 1165 1085 3830 3765
2399 1718 1165 1085 3437 3766
2399 1718 1165 1085 3437 3767
2399 1718 1165 1085 3437 3768
2399 1718 1165 1085 3437 3769
2399 1718 1165 1085 3437 3770
2399 1718 1165 1085 3437 3771
2399 1718 1165 1085 3756 3772
2399 1718 1165 1085 3437 3773
2399 1718 1165 1085 3437 3774
2417 1912 563 567 3454 3775
2399 1718 1165 1085 3437 3776
2399 1718 1165 1085 3437 3777
2399 1718 1165 1085 3437 3778
2399 1718 1165 1085 3872 3779
2399 1718 1165 1085 3877 3780
2399 1718 1165 1085 3437 3781
2399 1718 1165 1085 3437 3782
2399 1718 1165 1085 3437 3783
2399 1718 1165 1085 3437 3784
2399 1718 1165 1085 3756 3785
2399 1718 1165 1085 3437 3786
2399 1718 1165 1085 3437 3787
2399 1718 1165 1085 3677 3788
2399 1718 1165 1085 3437 3789
2399 1718 1165 1085 3851 3790
2399 1718 1165 1085 3437 3791
2399 1718 1165 1085 3437 3792
2399 1718 1165 1085 3437 3793
2399 1718 1165 1085 3437 3794
2399 1718 1165 1085 3830 3795
2399 1718 1165 1085 3851 3796
2399 1718 1165 1085 3797
2399 1718 1165 1085 3437 3798
2399 1718 1165 1085 3437 3799
2399 1718 1165 1085 3962 3800
2399 1718 1165 1085 3437 3801
2399 1718 1165 1085 3437 3802
2399 1718 1165 1085 3561 3803
2399 1718 1165 1085 3830 3804
2399 1718 1165 1085 3440 3805
2399 1718 1165 1085 3437 3806
2399 1718 1165 1085 3437 3807
2399 1718 1165 1085 3437 3808
2399 1718 1165 1085 3437 3809
2399 1718 1165 1085 3437 3810
2399 1718 1165 1085 3437 3811
2399 1718 1165 1085 3437 3812
2399 1718 1165 1085 3830 3813
2399 1718 1165 1085 3437 3814
2399 1718 1165 1085 3437 3815
2399 1718 1165 1085 3437 3816
2399 1718 1165 1085 3851 3817
2399 1718 1165 1085 3437 3818
2399 1718 1165 1085 3437 3819
2399 1718 1165 1085 3437 3820
2399 1718 1165 1085 3437 3821
2399 1718 1165 1085 3437 3822
2399 1718 1165 1085 3437 3823
2399 1718 1165 1085 3877 3824
2399 1718 1165 1085 3561 3825
2399 1718 1165 1085 3437 3826
2399 1718 1165 1085 3437 3827
2399 1718 1165 1085 3756 3828
2399 1718 1165 1085 3437 3829
2399 1718 1165 1085 3830
2399 1718 1165 1085 3851 3831
2399 1718 1165 1085 3830 3832
2399 1718 1165 1085 3437 3833
2399 1718 1165 1085 3437 3834
2399 1718 1165 1085 3437 3835
2399 1718 1165 1085 3437 3836
2399 1718 1165 1085 3437 3837
2399 1718 1165 1085 3943 3838
2399 1718 1165 1085 3677 3839
2399 1718 1165 1085 3437 3840
2399 1718 1165 1085 3962 3841
2399 1718 1165 1085 3948 3842
2399 1718 1165 1085 3437 3843
2399 1718 1165 1085 3437 3844
2399 1718 1165 1085 3851 3845
2399 1718 1165 1085 3437 3846
2399 1718 1165 1085 3677 3847
2399 1718 1165 1085 3437 3848
2417 1912 563 567 3861 3849
2399 1718 1165 1085 3437 3850
2399 1718 1165 1085 3851
2399 1718 1165 1085 3886 3852
2399 1718 1165 1085 3437 3853
2399 1718 1165 1085 3437 3854
2399 1718 1165 1085 3437 3855
2399 1718 1165 1085 3437 3856
2399 1718 1165 1085 3437 3857
2399 1718 1165 1085 3830 3858
2417 1912 563 567 3861 3859
2399 1718 1165 1085 3830 3860
2417 1912 563 567 3861
2399 1718 1165 1085 3437 3862
2399 1718 1165 1085 3437 3863
2399 1718 1165 1085 3830 3864
2399 1718 1165 1085 3437 3865
2399 1718 1165 1085 3437 3866
2399 1718 1165 1085 3437 3867
2399 1718 1165 1085 3437 3868
2399 1718 1165 1085 3437 3869
2399 1718 1165 1085 3437 3870
2399 1718 1165 1085 3437 3871
2399 1718 1165 1085 3872
2399 1718 1165 1085 3962 3873
2399 1718 1165 1085 3437 3874
2399 1718 1165 1085 3437 3875
2399 1718 1165 1085 3437 3876
2399 1718 1165 1085 3877
2399 1718 1165 1085 3437 3878
2399 1718 1165 1085 3437 3879
2399 1718 1165 1085 3830 3880
2399 1718 1165 1085 3437 3881
2399 1718 1165 1085 3437 3882
2399 1718 1165 1085 3830 3883
2399 1718 1165 1085 3948 3884
2399 1718 1165 1085 3437 3885
2399 1718 1165 1085 3886
2399 1718 1165 1085 3437 3887
2399 1718 1165 1085 3872 3888
2399 1718 1165 1085 3943 3889
2399 1718 1165 1085 3437 3890
2399 1718 1165 1085 3592 3891
2399 1718 1165 1085 3437 3892
2399 1718 1165 1085 3437 3893
2399 1718 1165 1085 3437 3894
2399 1718 1165 1085 3437 3895
2399 1718 1165 1085 3437 3896
2399 1718 1165 1085 3437 3897
2399 1718 1165 1085 3830 3898
2399 1718 1165 1085 3437 3899
2399 1718 1165 1085 3437 3900
2399 1718 1165 1085 3437 3901
2399 1718 1165 1085 3877 3902
2399 1718 1165 1085 3437 3903
2417 1912 563 567 3861 3904
2399 1718 1165 1085 3437 3905
2399 1718 1165 1085 3437 3906
2399 1718 1165 1085 3437 3907
2399 1718 1165 1085 3495 3908
2399 1718 1165 1085 3437 3909
2399 1718 1165 1085 3437 3910
2399 1718 1165 1085 3830 3911
2399 1718 1165 1085 3437 3912
2399 1718 1165 1085 3830 3913
2399 1718 1165 1085 3437 3914
2399 1718 1165 1085 3437 3915
2399 1718 1165 1085 3592 3916
2399 1718 1165 1085 3437 3917
2399 1718 1165 1085 3830 3918
2399 1718 1165 1085 3830 3919
2399 1718 1165 1085 3437 3920
2399 1718 1165 1085 3437 3921
2399 1718 1165 1085 3437 3922
2399 1718 1165 1085 3437 3923
2399 1718 1165 1085 3437 3924
2417 1912 563 567 3961 3925
2399 1718 1165 1085 3943 3926
2399 1718 1165 1085 3561 3927
2399 1718 1165 1085 3633 3928
2399 1718 1165 1085 3948 3929
2399 1718 1165 1085 3877 3930
2399 1718 1165 1085 3437 3931
2399 1718 1165 1085 3437 3932
2399 1718 1165 1085 3437 3933
2399 1718 1165 1085 3495 3934
2399 1718 1165 1085 3437 3935
2399 1718 1165 1085 3437 3936
2399 1718 1165 1085 3437 3937
2399 1718 1165 1085 3962 3938
2399 1718 1165 1085 3437 3939
2399 1718 1165 1085 3437 3940
2399 1718 1165 1085 3437 3941
2399 1718 1165 1085 3561 3942
2399 1718 1165 1085 3943
2399 1718 1165 1085 3962 3944
2399 1718 1165 1085 3561 3945
2399 1718 1165 1085 3437 3946
2399 1718 1165 1085 3437 3947
2399 1718 1165 1085 3948
2399 1718 1165 1085 3437 3949
2399 1718 1165 1085 3872 3950
2399 1718 1165 1085 3437 3951
2399 1718 1165 1085 3437 3952
2399 1718 1165 1085 3437 3953
2417 1912 563 567 3861 3954
2399 1718 1165 1085 3437 3955
2399 1718 1165 1085 3437 3956
2399 1718 1165 1085 3830 3957
2399 1718 1165 1085 3437 3958
2399 1718 1165 1085 3437 3959
2399 1718 1165 1085 3437 3960
2417 1912 563 567 3961
2399 1718 1165 1085 3962
2399 1718 1165 1085 3437 3963
2399 1718 1165 1085 3561 3964
2399 1718 1165 1085 3437 3965
2399 1718 1165 1085 3877 3966
2399 1718 1165 1085 3437 3967
2399 1718 1165 1085 3962 3968
2399 1718 1165 1085 3437 3969
2399 1718 1165 1085 3830 3970
2399 1718 1165 1085 3948 3971
2399 1718 1165 1085 3437 3972
2399 1718 1165 1085 3437 3973
2399 1718 1165 1085 3437 3974
2399 1718 1165 1085 3437 3975
2399 1718 1165 1085 3437 3976
2399 1718 1165 1085 3437 3977
2399 1718 1165 1085 3495 3978
2399 1718 1165 1085 3872 3979
2417 1912 563 594 3980
2417 1912 563 594 3980 3981
2417 1912 563 594 3980 3982
2417 1912 563 594 3980 3983
2417 1912 563 594 3980 3984
2417 1912 563 594 3980 3985
2417 1912 563 594 3980 3986
2417 1912 563 594 3980 3987
2417 1912 563 594 3980 3988
2417 1912 563 594 3989
2417 1912 563 594 3980 3990
2417 1912 563 594 4031 3991
2417 1912 563 594 3980 3992
2417 1912 563 594 3980 3993
2417 1912 563 594 3980 3994
2417 1912 563 594 3980 3995
2417 1912 563 594 3980 3996
2417 1912 563 594 3980 3997
2417 1912 563 594 3980 3998
2417 1912 563 594 3980 3999
2417 1912 563 594 3980 4000
2417 1912 563 594 3980 4001
2417 1912 563 594 4031 4002
2417 1912 563 594 3980 4003
2417 1912 563 594 4031 4004
2417 1912 563 594 3980 4005
2417 1912 563 594 3980 4006
2417 1912 563 594 3980 4007
2417 1912 563 594 3980 4008
2417 1912 563 594 3980 4009
2417 1912 563 594 3980 4010
2417 1912 563 594 4011
2417 1912 563 594 3980 4012
2417 1912 563 594 4031 4013
2417 1912 563 594 3980 4014
2417 1912 563 594 3980 4015
2417 1912 563 594 3980 4016
2417 1912 563 594 3980 4017
2417 1912 563 594 3980 4018
2417 1912 563 594 3980 4019
2417 1912 563 594 4031 4020
2417 1912 563 594 3980 4021
2417 1912 563 594 3980 4022
2417 1912 563 594 4031 4023
2417 1912 563 594 3980 4024
2417 1912 563 594 3980 4025
2417 1912 563 594 3980 4026
2417 1912 563 594 4031 4027
2417 1912 563 594 3980 4028
2417 1912 563 594 3980 4029
2417 1912 563 594 3980 4030
2417 1912 563 594 4031
2417 1912 563 594 3980 4032
2417 1912 563 594 3980 4033
2417 1912 563 594 3980 4034
2417 1912 563 594 3980 4035
2417 1912 563 594 3980 4036
2417 1912 563 594 3980 4037
2417 1912 563 594 4031 4038

