Iteration: 1
1549 171 0
1549 171 119 1
1549 171 0 2
1549 171 0 3
1549 171 0 4
1549 171 0 5
1549 171 0 6
1577 2653 136 7
1549 171 0 8
1549 171 119 9
1549 171 0 10
1549 171 0 11
1549 171 0 12
1549 171 119 13
1549 171 0 14
1549 171 0 15
1549 171 0 16
1549 171 0 17
1549 171 0 18
1549 171 0 19
1549 171 0 20
1577 2653 136 21
1549 171 0 22
1549 171 0 23
1549 171 0 24
1549 171 119 25
1549 171 119 26
1549 171 119 27
1549 171 0 28
1549 171 0 29
1549 171 0 30
1549 171 0 31
1549 171 0 32
1549 171 0 33
1574 428 34
1549 171 0 35
1549 171 0 36
1549 171 0 37
1549 171 0 38
1549 171 119 39
1549 171 0 40
1549 171 0 41
1549 171 0 42
1549 171 0 43
1549 171 0 44
1549 171 0 45
1549 171 0 46
1549 171 0 47
1549 171 119 48
1549 171 0 49
1549 171 119 50
1549 171 0 51
1549 171 0 52
1549 171 0 53
1549 171 119 54
1549 171 0 55
1577 2653 136 56
1549 171 0 57
1577 1912 58
1549 171 0 59
1549 171 0 60
1549 171 0 61
1549 171 0 62
1549 171 0 63
1549 171 64
1549 171 0 65
1549 171 0 66
1577 2653 136 67
1549 171 0 68
1549 171 0 69
1549 171 0 70
1549 171 0 71
1549 171 0 72
1549 171 0 73
1549 171 0 74
1549 171 0 75
1549 171 0 76
1549 171 0 77
1549 171 0 78
1549 171 119 79
1549 171 0 80
1549 171 0 81
1549 171 119 82
1549 171 0 83
1549 171 0 84
1549 171 0 85
1549 171 0 86
1577 2653 136 87
1549 171 0 88
1549 171 0 89
1549 171 0 90
1549 171 0 91
1549 171 0 92
1549 171 0 93
1549 171 0 94
1549 171 0 95
1549 171 0 96
1549 171 0 97
1549 171 119 98
1549 171 0 99
1549 171 217 100
1549 171 0 101
1549 171 0 102
1577 2653 136 103
1549 171 0 104
1549 171 119 105
1549 171 0 106
1611 107
1549 171 0 108
1549 171 119 109
1549 171 0 110
1549 171 0 111
1549 171 0 112
1549 171 119 113
1549 171 0 114
1549 171 0 115
1549 171 0 116
1549 171 0 117
1549 171 0 118
1549 171 119
1577 2653 136 120
1549 171 0 121
1577 2653 136 122
1549 171 0 123
1549 171 0 124
1577 2653 136 125
1549 171 0 126
1549 171 0 127
1549 171 150 128
1549 171 0 129
1549 171 0 130
1549 171 0 131
1549 171 119 132
1549 171 0 133
1549 171 0 134
1549 171 0 135
1577 2653 136
1549 171 0 137
1549 171 0 138
1549 171 0 139
1549 171 0 140
1549 171 0 141
1549 171 0 142
1549 171 0 143
1549 171 0 144
1549 171 0 145
1577 2653 136 146
1549 171 0 147
1549 171 119 148
1549 171 0 149
1549 171 150
1549 171 0 151
1549 171 0 152
1549 171 0 153
1549 171 0 154
1549 171 0 155
1577 2653 136 156
1549 171 0 157
1549 171 0 158
1549 171 0 159
1549 171 0 160
1549 171 0 161
1549 171 0 162
1549 171 150 163
1549 171 0 164
1549 171 0 165
1549 171 0 166
1549 171 0 167
1549 171 0 168
1577 2653 136 169
1549 171 119 170
1549 171
1549 171 0 172
1514 1694 649 173
1549 171 0 174
1549 171 0 175
1549 171 119 176
1549 171 0 177
1549 171 0 178
1549 171 0 179
1549 171 0 180
1549 171 0 181
1549 171 0 182
1549 171 0 183
1549 171 0 184
1549 171 119 185
1549 171 0 186
1549 171 0 187
1549 171 119 188
1549 171 189
1549 171 0 190
1549 171 0 191
1549 171 0 192
1549 171 0 193
1549 171 0 194
1549 171 0 195
1549 171 0 196
1549 171 0 197
1574 563 549 198
1549 171 119 199
1549 171 119 200
1549 171 0 201
1549 171 0 202
1549 171 119 203
1549 171 0 204
1549 171 0 205
1549 171 0 206
1549 171 0 207
1549 171 119 208
1549 171 0 209
1549 171 0 210
1549 171 0 211
1549 171 0 212
1577 2653 136 213
1549 171 0 214
1549 171 0 215
1549 171 0 216
1549 171 217
1549 171 0 218
1549 171 0 219
1549 171 0 220
1549 171 0 221
1549 171 0 222
1549 171 0 223
1549 171 0 224
1549 171 0 225
1549 171 0 226
1549 171 0 227
1549 171 0 228
1549 171 119 229
1549 171 0 230
1549 171 0 231
1549 171 0 232
1549 171 0 233
1549 171 0 234
1549 171 0 235
1549 171 0 236
1549 171 0 237
1549 171 0 238
1549 171 119 239
1549 171 0 240
1549 171 0 241
1549 171 0 242
1549 171 0 243
1549 171 0 244
1549 171 0 245
1577 2653 136 246
1549 171 0 247
1549 171 119 248
1549 171 0 249
1549 171 0 250
1549 171 0 251
1549 171 119 252
1549 171 0 253
1549 171 0 254
1549 171 0 255
1549 171 0 256
1549 171 0 257
1549 171 0 258
1549 171 0 259
1549 171 0 260
1549 171 119 261
1549 171 0 262
1549 171 0 263
1549 171 0 264
1549 171 0 265
1549 171 0 266
1549 171 0 267
1549 171 0 268
1549 171 119 269
1549 171 0 270
1549 171 119 271
1549 171 0 272
1549 171 0 273
1549 171 0 274
1549 171 0 275
1549 171 0 276
1549 171 119 277
1549 171 0 278
1549 171 0 279
1549 171 119 280
1549 171 0 281
1549 171 0 282
1549 171 0 283
1549 171 0 284
1577 2653 136 285
1549 171 0 286
1549 171 0 287
1549 171 0 288
1549 171 0 289
1549 171 0 290
1549 171 0 291
1549 171 0 292
1549 171 0 293
1549 171 0 294
1549 171 0 295
1549 171 0 296
1549 171 119 297
1549 171 0 298
1549 171 0 299
1549 171 0 300
1549 171 0 301
1549 171 0 302
1549 171 0 303
1577 2653 136 304
1549 171 0 305
1549 171 0 306
1549 171 0 307
1577 2653 136 308
1549 171 0 309
1549 171 0 310
1549 171 0 311
1549 171 0 312
1549 171 119 313
1549 171 0 314
1577 2653 136 315
1549 171 0 316
1549 171 0 317
1549 171 119 318
1549 171 0 319
1549 171 0 320
1549 171 0 321
1577 2653 136 322
1549 171 119 323
1549 171 217 324
1549 171 119 325
1549 171 0 326
1549 171 0 327
1549 171 0 328
1549 171 150 329
1549 171 0 330
1549 171 119 331
1549 171 119 332
1549 171 0 333
1549 171 0 334
1549 171 0 335
1549 171 0 336
1549 171 0 337
1549 171 0 338
1577 2653 136 339
1549 171 0 340
1549 171 0 341
1549 171 119 342
1549 171 0 343
1549 171 0 344
1549 171 0 345
1549 171 0 346
1549 171 0 347
1545 1025 348
1574 563 534 349
1574 563 350
1545 1025 348 351
1574 538 352
1606 353
1536 376 354
1549 475 355
1545 1025 348 356
1574 563 357
1545 1025 348 358
1549 475 359
1574 428 360
1549 475 361
1574 428 570 362
1606 363
1545 1025 348 364
1574 563 556 365
1574 366
1574 566 367
1574 538 368
1574 563 369
1574 566 370
1606 606 542 371
1574 428 570 372
1606 651 373
1574 566 374
1574 538 375
1536 376
1545 1025 348 377
1606 651 378
1545 1025 348 379
1545 389 380
1545 389 381
1549 475 555 382
1574 517 387 383
1574 563 350 384
1611 483 385
1545 1025 348 386
1574 517 387
1574 566 388
1545 389
1549 475 390
1606 637 391
1574 566 392
1545 1025 348 393
1512 601 394
1606 637 395
1549 475 396
1574 563 397
1574 538 398
1545 1025 348 399
1606 651 400
1545 1025 348 401
1574 566 402
1549 475 403
1574 566 404
1574 563 405
1574 517 387 406
1574 563 407
1574 538 408
1574 538 409
1549 475 410
1545 1025 348 411
1606 580 412
1536 376 413
1606 651 414
1574 563 415
1574 563 416
1574 566 417
1549 475 418
1574 538 419
1311 420
1574 563 421
1512 601 422
1606 651 423
1545 389 424
1574 563 425
1574 563 426
1574 563 427
1574 428
1574 366 539 429
1574 566 430
1606 651 431
1574 566 432
1574 563 433
1606 580 434
1574 563 435
1606 651 436
1574 517 463 437
1606 651 438
1574 566 439
1574 538 440
1545 1025 348 441
1574 563 442
1545 1025 348 443
1574 538 444
1574 538 560 445
1574 517 446
1545 1025 348 447
1574 566 460 448
1574 563 449
1549 475 450
1574 563 451
1574 566 452
1545 1025 348 453
1545 1025 348 454
1574 563 455
1574 566 456
1574 563 457
1549 475 458
1574 563 459
1574 566 460
1606 606 461
1574 538 462
1574 517 463
1574 563 427 464
1512 601 465
1574 366 539 466
1545 1025 348 467
1545 1025 348 468
1574 563 469
1549 475 555 470
1574 566 471
1606 651 567 472
1611 483 473
1549 475 474
1549 475
1545 1025 348 476
1574 563 477
1574 563 534 478
1574 538 479
1574 563 480
1549 475 481
1574 517 482
1611 483
1604 484
1574 563 485
1545 389 486
1574 538 487
1574 517 488
1549 475 489
1549 475 490
1549 475 491
1606 651 492
1574 566 493
1574 538 494
1574 428 570 495
1606 641 496
1574 566 497
1606 651 373 498
1545 1025 348 499
1606 651 500
1545 1025 348 501
1549 475 502
1574 566 503
1574 563 504
1545 389 505
1606 606 506
1574 566 507
1574 563 508
1545 389 509
1574 563 510
1574 566 511
1574 538 512
1606 651 513
1606 580 514
1606 641 515
1574 563 516
1574 517
1574 563 518
1549 475 519
1574 563 520
1549 475 521
1574 563 546 522
1574 563 523
1606 651 524
1574 566 525
1609 526
1574 538 527
1574 563 528
1574 366 539 529
1549 475 361 530
1574 563 531
1574 538 462 532
1574 563 510 533
1574 563 534
1611 483 535
1574 538 536
1574 566 537
1574 538
1574 366 539
1606 353 540
1574 563 541
1606 606 542
1574 563 543
1606 580 544
1574 566 545
1574 563 546
1549 475 547
1549 475 548
1574 563 549
1545 1025 348 550
1545 389 551
1574 563 350 552
1574 566 553
1574 563 554
1549 475 555
1574 563 556
1611 483 557
1574 428 558
1606 651 559
1574 538 560
1606 651 561
1574 563 504 562
1574 563
1545 1025 348 564
1549 475 565
1574 566
1606 651 567
1574 563 541 568
1574 563 569
1574 428 570
1574 563 504 571
1545 1025 348 572
1576 596 677 573
1576 596 574
1606 641 630 575
1606 651 414 576
1606 651 414 577
1606 651 414 578
1576 596 677 579
1606 580
1606 651 414 581
1606 651 414 582
1606 651 414 583
1606 637 584
1606 651 414 585
1536 376 586
1606 651 587
1606 637 678 588
1576 596 589
1512 601 644 590
1606 651 591
1606 637 678 592
1574 566 593
1574 563 594
1606 651 414 595
1576 596
1576 596 677 597
1576 596 677 598
1606 651 414 599
1606 651 414 600
1512 601
1606 651 414 602
1576 596 677 603
1606 651 604
1606 637 678 605
1606 606
1606 651 414 607
1606 651 414 608
1512 601 609
1536 376 610
1576 596 677 611
1606 637 678 612
1606 651 414 613
1606 637 614
1606 651 414 615
1576 596 616
1576 596 677 617
1576 596 618
1606 637 678 619
1576 596 620
1576 596 663 621
1606 637 678 622
1576 596 677 623
1606 651 414 624
1576 596 677 625
1576 596 677 626
1606 651 414 627
1606 651 414 628
1400 629
1606 641 630
1606 637 679 631
1606 651 414 632
1576 596 653 633
1606 651 634
1606 651 436 635
1606 637 678 636
1606 637
1606 651 414 638
1606 637 639
1606 651 414 640
1606 641
1606 651 414 642
1606 651 414 643
1512 601 644
1606 651 645
1606 651 646
1606 651 634 647
1606 651 414 648
1514 1694 649
1606 651 414 650
1606 651
1536 376 652
1576 596 653
1606 651 683 654
1576 596 655
1606 580 656
1576 596 655 657
1606 651 414 658
1606 651 414 659
1576 596 616 660
1606 651 414 661
1606 651 414 662
1576 596 663
1576 596 653 664
1606 651 414 665
1576 596 653 666
1574 428 667
1606 651 414 668
1606 637 669
1606 651 414 670
1611 483 671
1606 637 678 672
1536 376 673
1606 651 414 674
1606 651 414 675
1574 566 676
1576 596 677
1606 637 678
1606 637 679
1576 596 677 680
1606 651 414 681
1606 637 679 682
1606 651 683
1576 596 677 684
1606 637 678 685
1593 1085 3437 698 686
1593 1085 3437 698 856 687
1593 1085 3437 698 856 688
1593 1085 3437 698 686 689
1593 1085 3437 698 713 690
1593 1085 3437 698 686 691
1593 1085 3437 698 686 692
1593 1085 3437 698 828 693
1593 1085 3437 698 830 694
1593 1085 3437 698 840 695
1593 1085 3437 698 840 696
1593 1085 3437 698 697
1593 1085 3437 698
1593 1085 3437 698 686 699
1593 1085 3437 698 745 700
1593 1085 3437 698 830 701
1593 1085 3437 698 686 702
1593 1085 3437 698 703
1593 1085 3437 698 686 704
1593 1085 3437 698 830 705
1593 1085 3437 698 828 706
1593 1085 3437 698 686 707
1593 1085 3437 698 708
1593 1085 3437 698 840 709
1593 1085 3437 698 810 710
1593 1085 3437 698 828 711
1593 1085 3437 698 686 712
1593 1085 3437 698 713
1593 1085 3437 698 686 714
1593 1085 3437 698 805 715
1593 1085 3437 698 747 716
1593 1085 3437 698 798 717
1593 1085 3437 698 828 718
1593 1085 3437 698 719
1593 1085 3437 698 803 720
1593 1085 3437 698 713 721
1593 1085 3437 698 745 722
1593 1085 3437 698 830 723
1593 1085 3437 698 830 724
1593 1085 3437 698 686 725
1593 1085 3437 698 830 726
1593 1085 3437 698 830 727
1593 1085 3437 698 856 728
1593 1085 3437 698 729
1593 1085 3437 698 803 730
1593 1085 3437 698 830 731
1593 1085 3437 698 686 732
1593 1085 3437 698 719 733
1593 1085 3437 698 805 734
1593 1085 3437 698 856 735
1593 1085 3437 698 713 736
1593 1085 3437 698 830 737
1593 1085 3437 698 805 738
1593 1085 3437 698 840 739
1593 1085 3437 698 686 740
1593 1085 3437 698 828 741
1593 1085 3437 698 713 742
1593 1085 3437 698 686 743
1593 1085 3437 698 686 744
1593 1085 3437 698 745
1593 1085 3437 698 713 746
1593 1085 3437 698 747
1593 1085 3437 698 830 748
1593 1085 3437 698 686 749
1593 1085 3437 698 686 750
1593 1085 3437 698 830 751
1593 1085 3437 698 830 752
1593 1085 3437 698 753
1593 1085 3437 698 840 754
1593 1085 3437 698 745 755
1593 1085 3437 698 805 756
1593 1085 3437 698 686 757
1593 1085 3437 698 747 758
1593 1085 3437 698 828 759
1593 1085 3437 698 830 760
1593 1085 3437 698 805 761
1593 1085 3437 698 810 762
1593 1085 3437 698 804 763
1593 1085 3437 698 828 764
1593 1085 3437 698 856 765
1593 1085 3437 698 830 766
1593 1085 3437 698 686 767
1593 1085 3437 698 719 768
1593 1085 3437 698 769
1593 1085 3437 698 828 770
1593 1085 3437 698 686 771
1593 1085 3437 698 772
1593 1085 3437 698 828 773
1593 1085 3437 698 774
1593 1085 3437 698 686 775
1593 1085 3437 698 776
1593 1085 3437 698 830 777
1593 1085 3437 698 830 778
1593 1085 3437 698 840 779
1593 1085 3437 698 840 780
1593 1085 3437 698 830 781
1593 1085 3437 698 804 782
1593 1085 3437 698 747 783
1593 1085 3437 698 828 784
1593 1085 3437 698 686 785
1593 1085 3437 698 686 786
1593 1085 3437 698 823 787
1593 1085 3437 698 686 788
1593 1085 3437 698 686 789
1593 1085 3437 698 745 790
1593 1085 3437 698 686 791
1593 1085 3437 698 830 792
1593 1085 3437 698 747 793
1593 1085 3437 698 745 794
1593 1085 3437 698 745 795
1593 1085 3437 698 686 796
1593 1085 3437 698 828 797
1593 1085 3437 698 798
1593 1085 3437 698 745 799
1593 1085 3437 698 800
1593 1085 3437 698 686 801
1593 1085 3437 698 686 802
1593 1085 3437 698 803
1593 1085 3437 698 804
1593 1085 3437 698 805
1593 1085 3437 698 686 806
1593 1085 3437 698 856 807
1593 1085 3437 698 686 808
1593 1085 3437 698 747 809
1593 1085 3437 698 810
1593 1085 3437 698 811
1593 1085 3437 698 828 812
1593 1085 3437 698 745 813
1593 1085 3437 698 828 814
1593 1085 3437 698 856 815
1593 1085 3437 698 713 816
1593 1085 3437 698 830 817
1593 1085 3437 698 805 818
1593 1085 3437 698 819
1593 1085 3437 698 830 820
1593 1085 3437 698 686 821
1593 1085 3437 698 686 822
1593 1085 3437 698 823
1593 1085 3437 698 840 824
1593 1085 3437 698 825
1593 1085 3437 698 830 826
1593 1085 3437 698 830 827
1593 1085 3437 698 828
1593 1085 3437 698 828 829
1593 1085 3437 698 830
1593 1085 3437 698 805 831
1593 1085 3437 698 803 832
1593 1085 3437 698 713 833
1593 1085 3437 698 830 834
1593 1085 3437 698 828 835
1593 1085 3437 698 686 836
1593 1085 3437 698 840 837
1593 1085 3437 698 856 838
1593 1085 3437 698 686 839
1593 1085 3437 698 840
1593 1085 3437 698 686 841
1593 1085 3437 698 828 842
1593 1085 3437 698 823 843
1593 1085 3437 698 830 844
1593 1085 3437 698 830 845
1593 1085 3437 698 830 846
1593 1085 3437 698 830 847
1593 1085 3437 698 840 848
1593 1085 3437 698 830 849
1593 1085 3437 698 713 850
1593 1085 3437 698 828 851
1593 1085 3437 698 798 852
1593 1085 3437 698 830 853
1593 1085 3437 698 686 854
1593 1085 3437 698 798 855
1593 1085 3437 698 856
1593 1085 3797 857
1593 1085 3437 698 858
1593 1085 3437 698 859
1534 1684 860
1593 1085 3437 698 861
1593 1085 862
1593 1085 3437 698 863
1593 1085 3437 698 864
1593 1085 862 865
1593 1085 3437 698 866
1593 1085 3437 698 867
1593 1085 862 868
1593 1085 3437 698 869
1593 1085 3437 698 870
1593 1085 3797 857 871
1593 1085 3437 698 872
1593 1085 3437 698 873
1593 1085 3437 698 874
1593 1085 3437 698 875
1593 1085 3437 698 876
1593 1085 3437 698 877
1593 1085 3437 698 878
1593 1085 3437 698 879
1593 1085 3437 698 880
1593 1085 3437 698 881
1593 1085 3437 698 882
1593 1085 3437 698 883
1593 1085 3437 698 884
1593 1085 3437 698 885
1593 1085 3437 698 886
1593 1085 3437 698 887
1593 1085 3437 698 888
1593 1085 3437 698 889
1593 1085 3437 698 890
1593 1085 3437 698 891
1593 1085 3437 698 892
1593 1085 3437 698 893
1593 1085 3437 698 894
1593 1085 3437 698 895
1611 896
1590 897
1595 898
1442 899
1553 900
1601 901
1611 902
1601 903
1224 904
1536 905
1609 906
1464 907
1593 908
1436 909
1422 1808 910
1611 107 911
1536 912
1575 913
1575 914
1602 915
1610 916
1595 917
1611 107 918
1582 919
1584 920
1608 921
1590 922
1505 923
1549 924
1610 925
1608 926
1611 927
1494 928
1505 929
1574 930
1566 931
1605 932
1573 933
1610 934
1531 935
1606 936
1264 937
1601 938
1566 939
1541 940
1611 941
1595 942
1536 943
1536 944
1406 945
1610 946
1610 947
1574 948
1541 949
1555 950
1540 951
1608 952
1610 953
1595 954
1368 955
1548 956
1611 957
1601 958
1604 959
1610 960
1505 961
1574 962
1601 963
1507 964
1536 965
1610 966
1604 967
1584 968
1573 969
1567 970
1591 971
1488 972
1597 973
1366 974
1611 975
1574 976
1482 977
1610 978
1562 979
1610 980
1611 981
1610 982
1547 983
1591 984
1304 985
1536 986
1371 987
1596 988
1583 989
1534 990
1590 991
1601 992
1609 993
1584 994
1580 995
1505 996
1610 997
1537 998
1603 999
1474 1000
1543 1001
1611 107 1002
1600 1003
1610 1004
1507 1005
1610 1006
1573 1007
1505 1008
1611 1009
1549 1010
1541 1011
1436 1012
1574 1013
1611 1014
1592 1015
1499 1016
1610 1017
1595 1018
1611 1019
1591 1020
1596 1021
1569 1650 1022
1445 1023
1610 1024
1545 1025
1603 1026
1611 107 1027
1610 1028
1609 1029
1368 1030
1585 1666 1031
1595 1032
1567 1033
1283 1034
1549 1035
1596 1036
1549 1037
1518 1038
1608 1039
1604 1040
1541 1041
1536 1042
1384 1043
1596 1044
1593 1045
1586 1046
1610 1047
1609 1048
1603 1049
1585 1050
1584 1051
1541 1052
1607 1053
1608 1054
1585 1055
1609 1056
1607 1057
1552 1058
1610 1059
1596 1060
1494 1061
1540 1062
1488 1063
1596 1064
1469 1739 1065
1595 1066
1611 1067
1604 1068
1488 1069
1549 1070
1253 1071
1541 1072
1528 1073
1577 1074
1609 1075
1610 1076
1577 1077
1608 1078
1610 1079
1565 1080
1573 1081
1611 1082
1610 1083
1605 1084
1593 1085
1610 1086
1505 1087
1540 1088
1507 1089
1304 1090
1598 1091
1609 1092
1569 1093
1545 1094
1604 1095
1611 107 1096
1601 1097
1593 1098
1595 1099
1596 1100
1610 1101
1591 1102
1215 1103
1611 1104
1611 107 1105
1591 1106
1610 1107
1582 1108
1549 1109
1609 1110
1368 1111
1600 1112
1606 1113
1574 1114
1596 1115
1609 1116
1610 1117
1601 1118
1611 107 1119
1611 1120
1541 1121
1574 1122
1610 1123
1610 1124
1610 1125
1610 1126
1472 1127
1610 1128
1611 1129
1610 1130
1504 1131
1610 1132
1590 1133
1474 1134
1604 1135
1593 1136
1601 1137
1562 1138
1504 1139
1534 1140
1366 1141
1602 1142
1591 1143
1593 1144
1611 107 1145
1610 1146
1435 1147
1611 1148
1603 1149
1476 1150
1540 1151
1584 1152
1610 1153
1543 1154
1574 1155
1610 1156
1594 1157
1611 1158
1591 1159
1610 1160
1561 1161
1599 1162
1610 1163
1603 1164
1561 1165
1595 1166
1569 1167
1472 1168
1529 1169
1549 1170
1534 1171
1610 1172
1610 1173
1511 1174
1610 1175
1591 1176
1499 1177
1461 1178
1606 1179
1600 1180
1610 1181
1609 1182
1569 1183
1610 1184
1610 1185
1548 1186
1593 1187
1536 1188
1553 1189
1596 1190
1610 1191
1611 1192
1585 1193
1586 1194
1608 1195
1563 1196
1544 1197
1610 1198
1610 1199
1574 1200
1610 1201
1326 1202
1588 1203
1611 1204
1610 1205
1611 107 1206
1610 1207
1611 107 1208
1610 1612
1610 1613
1604 1614
1567 1615
1606 1616
1608 1617
1577 1618
1610 1619
1609 1620
1610 1621
1610 1622
1610 1623
1549 1624
1574 1625
1561 1626
1611 107 1627
1611 1628
1601 1629
1569 1630
1490 1631
1604 1632
1536 1633
1536 1634
1583 1635
1611 1636
1609 1637
1583 1638
1610 1639
1474 1840 1640
1477 1641
1552 1642
1610 1643
1597 1644
1606 1645
1569 1646
1611 1647
1568 1648
1591 1649
1569 1650
1610 1768 1651
1610 1652
1610 1653
1545 1654
1611 1655
1561 1656
1422 1808 1657
1584 1658
1600 1659
1565 1660
1595 1661
1610 1662
1610 1663
1607 1664
1610 1665
1585 1666
1529 1667
1610 1668
1610 1669
1527 1670
1566 1671
1541 1672
1512 1673
1571 1674
1610 1675
1588 1676
1574 1677
1588 1678
1574 1679
1596 1680
1541 1681
1611 1682
1600 1683
1534 1684
1610 1685
1536 1686
1593 1687
1609 1688
1608 1689
1536 1690
1611 1691
1574 1692
1240 1693
1514 1694
1606 1695
1599 1696
1337 1697
1567 1698
1569 1699
1551 1700
1534 1701
1561 1702
1584 1703
1515 1704
1593 1705
1591 1706
1610 1707
1593 1708
1569 1709
1557 1710
1540 1711
1610 1712
1444 1713
1608 1714
1591 1715
1611 1716
1610 1717
1590 1718
1588 1719
1611 1720
1610 1721
1605 1722
1610 1723
1600 1724
1536 1725
1555 1726
1591 1727
1587 1728
1595 1729
1610 1730
1599 1731
1582 1732
1601 1733
1604 1734
1608 1735
1610 1736
1600 1737
1569 1738
1469 1739
1606 1740
1605 1741
1595 1742
1566 1743
1606 1744
1569 1745
1610 1746
1568 1747
1306 1748
1481 1749
1603 1750
1582 1751
1610 1752
1610 1753
1610 1754
1347 1755
1428 1756
1610 1757
1593 1758
1308 1759
1240 1693 1760
1610 1761
1545 1762
1574 1763
1591 1764
1590 1765
1606 1766
1565 1767
1610 1768
1563 1769
1541 1770
1416 1771
1610 1772
1574 1773
1563 1774
1603 1845 1775
1422 1808 1776
1574 1013 1777
1606 1778
1585 1779
1538 1780
1591 1781
1610 1782
1596 1783
1601 1784
1529 1785
1596 1786
1601 1787
1384 1788
1610 1789
1602 1790
1609 1791
1477 1792
1610 1793
1598 1794
1608 1795
1610 1796
1598 1797
1601 1798
1610 1799
1610 1800
1565 1801
1548 1802
1593 1803
1610 1804
1580 1805
1593 1806
1591 1807
1422 1808
1610 1809
1603 1810
1610 1811
1583 1812
1610 1813
1599 1814
1504 1815
1610 1816
1458 1817
1604 1818
1600 1819
1595 1820
1538 1821
1585 1822
1608 1823
1515 1824
1593 1825
1610 1826
1610 1827
1591 1828
1575 1829
1479 1830
1566 1831
1610 1832
1610 1833
1611 107 1834
1609 1835
1563 1836
1601 1837
1317 1838
1610 1839
1474 1840
1611 1841
1610 1842
1605 1843
1606 1844
1603 1845
1590 1846
1588 1847
1582 1848
1610 1849
1503 1850
1594 1851
1563 1852
1545 1853
1598 1797 1854
1529 1855
1537 1856
1611 1857
1594 1858
1596 1859
1585 1860
1609 1861
1611 1862
1604 1863
1609 1864
1440 1865
1593 1866
1600 1867
1610 1868
1482 1869
1606 1870
1591 1871
1611 1872
1611 1873
1610 1874
1595 1875
1536 1876
1600 1877
1543 1878
1610 1879
1601 1880
1606 1881
1606 1882
1590 1883
1596 1884
1604 1885
1610 1886
1611 1887
1610 1888
1562 1889
1598 1091 1890
1610 1891
1548 1892
1595 1893
1595 1894
1601 1895
1607 1896
1604 1897
1610 1898
1611 1899
1519 1900
1599 1901
1610 1902
1611 1903
1541 1904
1585 1905
1536 1906
1502 1907
1553 1908
1594 1909
1566 1910
1594 1911
1577 1912
1577 1913
1577 1912 1914
1577 1912 1915
1577 1916
1577 2543 1917
1577 2543 1918
1577 2143 1919
1577 1920
1577 2533 1921
1577 1912 1922
1577 2642 1923
1577 1912 1924
1577 2543 1925
1577 2649 1926
1577 1954 1927
1577 2417 1928
1465 2542 1929
1577 2117 1930
1577 2143 1931
1577 1932
1577 1912 1933
1577 1912 1934
1577 2389 1935
1577 2047 1936
1577 1912 1937
1577 2543 1938
1577 2643 1939
1577 1940
1577 1941
1465 2266 1942
1577 2543 1943
1577 2642 1944
1577 1945
1577 2543 1946
1577 1947
1577 1948
1577 1912 1949
1577 1912 1950
1577 1954 1951
1577 2458 1952
1577 2543 1953
1577 1954
1577 2653 1955
1577 1912 1956
1577 1912 1957
1577 1912 1958
1577 1959
1577 1912 1960
1577 2128 1961
1577 2543 1962
1465 2542 1963
1577 2642 1964
1577 2289 1965
1465 2542 1966
1577 1912 1967
1577 2472 1968
1577 2385 1969
1577 2608 1970
1577 2543 1971
1577 2629 1972
1577 2616 1973
1577 2368 1974
1577 2368 1975
1577 2472 1976
1577 1912 1977
1577 2047 1978
1577 2543 1979
1577 2143 1980
1577 2617 1981
1577 2594 1982
1577 2543 1983
1577 2543 1984
1577 2597 1985
1465 2542 1986
1577 2510 1987
1577 2594 1988
1577 2543 1989
1577 2047 1990
1577 1912 1991
1577 1912 1992
1577 2543 1993
1577 1994
1577 2417 1995
1577 1912 1996
1577 2543 1997
1577 1912 1998
1577 2143 1999
1577 2472 2000
1577 2472 2001
1577 2002
1577 2642 2003
1577 2417 2004
1577 2543 2005
1577 1912 2006
1577 2007
1577 1912 2008
1577 2472 2009
1577 2010
1577 2472 2011
1577 1912 2012
1577 1912 2013
1577 1912 2014
1577 1912 2015
1577 1912 2016
1577 1912 2017
1577 2472 2018
1577 2007 2019
1577 2543 2020
1577 2543 2021
1577 2472 2022
1577 2047 2023
1577 2268 2024
1577 1912 2025
1577 2026
1577 2268 2027
1577 2028
1577 2642 2029
1577 2543 2030
1577 2642 2031
1577 2032
1577 2543 2033
1577 1912 2034
1577 1912 2035
1577 2289 2036
1577 2543 2037
1577 2038
1577 2039
1577 2567 2040
1577 1912 2041
1577 2042
1577 2543 2043
1577 2512 2044
1577 2543 2045
1577 2543 2046
1577 2047
1577 2544 2048
1577 2047 2049
1577 1912 2050
1577 1912 2051
1577 2052
1577 2053
1577 2054
1577 2543 2055
1577 2468 2056
1577 2608 2057
1577 2594 2058
1577 2543 2059
1465 2542 2060
1577 2143 2061
1577 2062
1577 2347 2063
1577 2543 2064
1465 2065
1577 2642 2066
1577 2189 2067
1577 2068
1577 2543 2069
1577 1912 2070
1577 2071
1577 2072
1577 2543 2073
1465 2542 2074
1577 2617 2075
1577 1912 2076
1577 2347 2077
1577 2543 2078
1577 1912 2079
1577 2047 2080
1577 2081
1577 1912 2082
1577 2543 2083
1577 2512 2084
1577 2047 2085
1577 2543 2086
1577 2087
1577 2543 2088
1577 1912 2089
1577 2543 2090
1577 1912 2091
1577 2189 2092
1577 2543 2093
1577 1912 2094
1577 2616 2095
1577 2509 2096
1577 1912 2097
1577 2543 2098
1577 2555 2099
1577 1912 2100
1577 2101
1577 2102
1577 2543 2103
1465 2542 2104
1577 1912 2105
1577 1912 2106
1577 2117 2107
1577 2543 2108
1577 2543 2109
1577 2511 2110
1577 2111
1577 2543 2112
1577 1912 2113
1577 2176 2114
1577 2543 2115
1577 2642 2116
1577 2117
1577 2543 2118
1577 1912 2119
1577 1912 2120
1465 2542 2121
1465 2542 2122
1577 2543 2123
1577 2543 2124
1577 2125
1577 2283 2126
1577 2127
1577 2128
1577 1912 2129
1577 1912 2130
1577 2547 2131
1577 2132
1577 2133
1577 2134
1577 2135
1577 2543 2136
1577 2137
1577 2138
1577 2543 2139
1577 2543 2140
1577 2642 2141
1577 2543 2142
1577 2143
1577 2144
1577 2642 2145
1577 1912 2146
1465 2266 2147
1577 2148
1577 2149
1577 2543 2150
1577 2151
1577 1912 2152
1577 2153
1465 2542 2154
1577 2642 2155
1577 1912 2156
1577 2417 2157
1577 1912 2158
1577 2143 2159
1577 1912 2160
1577 2649 2161
1577 1912 2162
1577 2163
1465 2542 2164
1577 2543 2165
1577 2289 2166
1577 1912 2167
1577 1912 2168
1577 2169
1465 2399 2170
1577 2417 2171
1577 2543 2172
1577 2047 2173
1577 2174
1577 2642 2175
1577 2176
1577 2509 2177
1577 1912 2178
1577 2347 2179
1577 2180
1577 1912 2181
1577 2642 2182
1577 2183
1577 2543 2184
1577 2289 2185
1577 2047 2186
1577 2187
1577 2543 2188
1577 2189
1577 2543 2190
1577 2191
1577 2472 2192
1577 2047 2193
1577 2194
1577 1912 2195
1577 2196
1577 1912 2197
1577 2198
1577 2199
1465 2542 2200
1577 2543 2201
1577 2389 2202
1577 2203
1577 1912 2204
1577 2117 2205
1577 2543 2206
1577 1912 2207
1577 2608 2208
1577 2642 2209
1577 2567 2210
1577 2642 2211
1577 2543 2212
1465 2542 2213
1577 2302 2214
1577 2215
1577 2543 2216
1577 1912 2217
1577 2543 2218
1577 1912 2219
1577 2543 2220
1577 2511 2221
1577 2617 2222
1577 2223
1577 2224
1577 2472 2225
1577 2642 2226
1577 1912 2227
1577 2199 2228
1577 2543 2229
1577 2283 2230
1577 2133 2231
1577 2649 2232
1577 2642 2233
1465 2266 2234
1577 2617 2235
1577 1912 2236
1577 2543 2237
1577 1912 2238
1577 2239
1577 2543 2240
1577 2241
1577 2642 2242
1577 2617 2243
1577 2543 2244
1577 1912 2245
1577 2246
1577 2247
1577 2047 2248
1577 2589 2249
1577 2250
1577 1912 2251
1577 2509 2252
1577 2543 2253
1577 2653 2254
1577 1912 2255
1577 2133 2256
1577 2543 2257
1465 2542 2258
1577 2649 2259
1577 2289 2260
1577 2543 2261
1465 2266 2262
1577 1912 2263
1577 2264
1577 1912 2265
1465 2266
1577 2267
1577 2268
1577 1912 2269
1577 2642 2270
1577 2543 2271
1577 2642 2272
1577 2273
1577 2511 2274
1577 2543 2275
1577 2543 2276
1577 2047 2277
1577 2629 2278
1577 2279
1577 2617 2280
1577 1912 2281
1577 2282
1577 2283
1577 1912 2284
1577 2285
1577 2047 2286
1465 2542 2287
1577 2468 2288
1577 2289
1577 2543 2290
1577 2289 2291
1577 2292
1577 2293
1577 2294
1577 2295
1577 2642 2296
1577 1954 2297
1577 2298
1465 2542 2299
1577 2543 2300
1577 1912 2301
1577 2302
1465 2266 2303
1577 2642 2304
1577 2385 2305
1577 2543 2306
1465 2542 2307
1465 2542 2308
1577 2605 2309
1577 2461 2310
1465 2266 2311
1577 2616 2312
1577 2282 2313
1577 2047 2314
1577 2315
1577 2597 2316
1577 2117 2317
1577 2642 2318
1577 2319
1577 1912 2320
1577 1912 2321
1577 2642 2322
1577 2543 2323
1577 2543 2324
1577 2642 2325
1465 2542 2326
1577 2327
1577 2328
1577 2543 2329
1577 2649 2330
1577 2543 2331
1577 2332
1577 2333
1577 2543 2334
1577 2047 2335
1577 2336
1577 1912 2337
1577 2338
1577 2468 2339
1577 2543 2340
1577 1912 2341
1577 2283 2342
1577 2343
1577 2344
1577 2617 2345
1577 2389 2346
1577 2347
1577 2543 2348
1577 1912 2349
1577 2588 2350
1577 2351
1465 2542 2352
1577 2543 2353
1577 2543 2354
1577 2355
1577 2543 2356
1577 1912 2357
1577 2283 2358
1465 2542 2359
1577 1912 2360
1577 2199 2361
1577 2642 2362
1577 2543 2363
1577 2268 2364
1577 2143 2365
1577 2642 2366
1577 2617 2367
1577 2368
1577 2543 2369
1577 2543 2370
1577 2047 2371
1577 2372
1577 1912 2373
1577 2543 2374
1577 1912 2375
1465 2542 2376
1577 2377
1577 2417 2378
1577 2617 2379
1577 1912 2380
1577 2543 2381
1577 1912 2382
1577 2007 2383
1577 2384
1577 2385
1577 2543 2386
1465 2542 2387
1577 1912 2388
1577 2389
1577 2617 2390
1465 2542 2391
1577 2592 2392
1465 2542 2393
1577 2394
1577 2543 2395
1577 2617 2396
1577 2047 2397
1577 2398
1465 2399
1577 2629 2400
1577 2594 2401
1577 1912 2402
1577 2047 2403
1465 2542 2404
1577 1912 2405
1577 2289 2406
1577 2543 2407
1577 2543 2408
1577 2543 2409
1577 2543 2410
1577 2047 2411
1577 1912 2412
1577 2413
1577 2543 2414
1577 2617 2415
1577 2642 2416
1577 2417
1465 2542 2418
1577 2419
1577 2420
1577 1912 2421
1577 1912 2422
1577 2543 2423
1577 1912 2424
1577 2642 2425
1577 2510 2426
1577 2512 2427
1577 2543 2428
1577 2594 2429
1577 2543 2430
1577 1912 2431
1577 2509 2432
1577 2543 2433
1577 2617 2434
1577 1912 2435
1577 2436
1577 1912 2437
1577 2643 2438
1577 1912 2439
1577 2289 2440
1577 1912 2441
1577 1912 2442
1465 2542 2443
1577 1912 2444
1577 2445
1577 2543 2446
1577 2417 2447
1577 2289 2448
1577 2594 2449
1577 1912 2450
1577 2451
1577 2498 2452
1577 2176 2453
1465 2542 2454
1577 1912 2455
1577 1912 2456
1577 1912 2457
1577 2458
1577 2529 2459
1465 2542 2460
1577 2461
1577 2543 2462
1577 2463
1577 2543 2464
1577 2465
1465 2399 2466
1577 2543 2467
1577 2468
1577 2543 2469
1577 1912 2470
1577 2471
1577 2472
1577 2649 2473
1577 2289 2474
1577 2475
1465 2266 2476
1465 2266 2477
1577 2543 2478
1577 2617 2479
1577 2642 2480
1577 1912 2481
1577 2543 2482
1577 1912 2483
1465 2542 2484
1577 2543 2485
1577 1912 2486
1577 1912 2487
1577 1912 2488
1577 2543 2489
1577 2398 2490
1577 2491
1577 2543 2492
1577 2419 2493
1577 1912 2494
1577 2543 2495
1465 2496
1577 2047 2497
1577 2498
1577 2347 2499
1465 2542 2500
1465 2501
1577 2502
1577 2047 2503
1465 2266 2504
1577 1912 2505
1577 2543 2506
1577 2543 2507
1577 2508
1577 2509
1577 2510
1577 2511
1577 2512
1577 1912 2513
1577 2588 2514
1577 1912 2515
1577 2516
1577 2133 2517
1577 2642 2518
1577 2519
1465 2542 2520
1577 2543 2521
1577 2608 2522
1577 1912 2523
1465 2501 2524
1577 2642 2525
1577 2543 2526
1577 1912 2527
1577 1912 2528
1577 2529
1465 2530
1577 2616 2531
1465 2542 2532
1577 2533
1577 2047 2534
1577 1912 2535
1465 2542 2536
1577 2649 2537
1577 2417 2538
1465 2542 2539
1577 2642 2540
1577 1912 2541
1465 2542
1577 2543
1577 2544
1577 1912 2545
1577 2543 2546
1577 2547
1577 1912 2548
1465 2542 2549
1465 2542 2550
1577 2597 2551
1465 2542 2552
1465 2542 2553
1577 2347 2554
1577 2555
1465 2542 2556
1577 2642 2557
1577 1912 2558
1577 2543 2559
1577 2567 2560
1577 2543 2561
1577 1912 2562
1465 2542 2563
1577 2543 2564
1577 1912 2565
1577 2047 2566
1577 2567
1465 2501 2568
1577 1912 2569
1577 1912 2570
1577 2598 2571
1577 2543 2572
1577 2543 2573
1465 2542 2574
1577 2543 2575
1577 2512 2576
1577 1912 2577
1577 2543 2578
1577 2543 2579
1577 2047 2580
1577 2498 2581
1577 2582
1577 2268 2583
1577 2189 2584
1577 1954 2585
1577 2543 2586
1577 1912 2587
1577 2588
1577 2589
1577 2543 2590
1577 2347 2591
1577 2592
1577 2543 2593
1577 2594
1577 1912 2595
1577 1912 2596
1577 2597
1577 2598
1577 2653 2599
1577 2543 2600
1577 2543 2601
1577 2543 2602
1577 2617 2603
1577 2543 2604
1577 2605
1577 2543 2606
1577 2543 2607
1577 2608
1577 2609
1577 2616 2610
1577 2543 2611
1577 2289 2612
1577 1912 2613
1577 1912 2614
1577 2543 2615
1577 2616
1577 2617
1577 2283 2618
1577 2543 2619
1577 2143 2620
1577 1912 2621
1577 1912 2622
1577 2543 2623
1577 2543 2624
1577 2543 2625
1577 2389 2626
1577 2143 2627
1577 2117 2628
1577 2629
1577 2543 2630
1577 2543 2631
1577 1912 2632
1577 1912 2633
1577 1912 2634
1577 2598 2635
1577 1912 2636
1577 2642 2637
1577 2543 2638
1577 2472 2639
1577 2417 2640
1577 2642 2641
1577 2642
1577 2643
1577 2047 2644
1577 2268 2645
1577 2543 2646
1577 1912 2647
1577 2143 2648
1577 2649
1577 1912 2650
1577 1912 2651
1577 2617 2652
1577 2653
1577 2543 2654
1465 2542 2655
1577 1912 2656
1577 1912 2657
1577 1954 2658
1577 1954 2659
1577 2268 2660
1405 3406 2661
1405 3412 2662
1534 1684 2663
1405 3304 2664
1405 3406 2665
1534 1684 2666
1534 1684 2667
1419 3178 2668
1534 1684 2669
1534 1684 2670
1405 2962 2671
1505 3386 2672
1534 1684 2673
1534 3265 2674
1405 3404 2675
1405 3304 2676
1419 3420 2677
1505 2678
1534 1684 2679
1405 3304 2680
1534 1684 2681
1405 3366 2682
1534 1684 2683
1505 3258 2684
1534 3263 2685
1405 3404 2686
1534 1684 2687
1505 3205 2688
1534 1684 2689
1405 3100 2690
1534 1684 2691
1405 3233 2692
1534 2693
1405 3304 2694
1534 1684 2695
1405 3295 2696
1405 3295 2697
1534 1684 2698
1534 1684 2699
1534 3248 2700
1505 3258 2701
1419 3034 2702
1534 1684 2703
1534 1684 2704
1405 3304 2705
1534 1684 2706
1405 3331 2707
1505 3258 2708
1419 3178 2709
1534 1684 2710
1405 3412 2711
1534 3101 2712
1419 3420 2713
1534 2979 2714
1534 1684 2715
1405 3406 2716
1534 1684 2717
1534 3385 2718
1405 3406 2719
1405 3406 2720
1405 2962 2721
1534 3265 2722
1534 1684 2723
1405 2724
1505 2725
1534 1684 2726
1505 3205 2727
1419 3420 2728
1534 1684 2729
1419 3420 2730
1534 1684 2731
1534 1684 2732
1505 3258 2733
1505 2734
1534 3385 2735
1534 3248 2736
1405 3233 2737
1505 3168 2738
1419 3420 2739
1534 1684 2740
1534 1684 2741
1405 3406 2742
1534 1684 2743
1534 3385 2744
1534 1684 2745
1405 3304 2746
1534 1684 2747
1405 3406 2748
1534 1684 2749
1534 1684 2750
1534 1684 2751
1405 2752
1405 3406 2753
1534 1684 2754
1534 1684 2755
1534 1684 2756
1405 3304 2757
1405 3412 2758
1534 1684 2759
1505 2760
1534 1684 2761
1534 3385 2762
1534 1684 2763
1534 2764
1534 3265 2765
1534 1684 2766
1534 1684 2767
1505 3409 2768
1534 1684 2769
1534 3265 2770
1534 3248 2771
1405 3406 2772
1534 1684 2773
1534 1684 2774
1405 2775
1534 1684 2776
1405 3304 2777
1405 3366 2778
1419 3420 2779
1534 3265 2780
1405 3366 2781
1405 3304 2782
1534 3385 2783
1505 3409 2784
1405 3233 2785
1534 1684 2786
1534 3101 2787
1534 1684 2788
1534 1684 2789
1419 2813 2790
1534 1684 2791
1534 1684 2792
1405 3406 2793
1534 1684 2794
1534 3385 2795
1534 3101 2796
1505 3258 2797
1534 1684 2798
1534 1684 2799
1534 1684 2800
1534 1684 2801
1534 2693 2802
1419 3178 2803
1534 1684 2804
1534 1684 2805
1534 1684 2806
1534 1684 2807
1505 2734 2808
1534 1684 2809
1534 1684 2810
1405 3331 2811
1405 2869 2812
1419 2813
1534 1684 2814
1405 3304 2815
1534 1684 2816
1534 1684 2817
1419 2813 2818
1534 3385 2819
1405 3295 2820
1534 1684 2821
1534 2822
1505 3258 2823
1405 2962 2824
1534 3385 2825
1505 2826
1534 1684 2827
1405 3406 2828
1405 3412 2829
1405 3412 2830
1534 2822 2831
1534 1684 2832
1405 3406 2833
1534 1684 2834
1534 1684 2835
1505 3386 2836
1534 1684 2837
1534 1684 2838
1405 3304 2839
1419 3034 2840
1534 3248 2841
1534 1684 2842
1534 3385 2843
1534 3385 2844
1405 3295 2845
1534 1684 2846
1534 3263 2847
1419 3178 2848
1405 3406 2849
1534 1684 2850
1534 1684 2851
1534 1684 2852
1534 3265 2853
1534 1684 2854
1534 1684 2855
1505 3020 2856
1534 1684 2857
1405 3404 2858
1534 3263 2859
1505 3168 2860
1534 1684 2861
1534 1684 2862
1505 3386 2863
1534 1684 2864
1534 3385 2865
1405 3304 2866
1534 1684 2867
1534 1684 2868
1405 2869
1405 3406 2870
1405 3331 2871
1534 1684 2872
1534 1684 2873
1534 1684 2874
1505 3386 2875
1405 3331 2876
1534 1684 2877
1505 3020 2878
1534 1684 2879
1534 1684 2880
1405 3366 2881
1505 2968 2882
1534 2883
1534 1684 2884
1534 1684 2885
1534 1684 2886
1534 1684 2887
1534 1684 2888
1534 1684 2889
1534 1684 2890
1534 1684 2891
1405 2892
1534 1684 2893
1405 3331 2894
1405 3331 2895
1405 3304 2896
1534 1684 2897
1534 3248 2898
1534 1684 2899
1405 3412 2900
1405 3406 2901
1534 1684 2902
1505 3258 2903
1405 3406 2904
1405 3304 2905
1534 1684 2906
1534 1684 2907
1534 1684 2908
1534 1684 2909
1534 1684 2910
1534 1684 2911
1534 1684 2912
1534 1684 2913
1505 3409 2914
1405 3304 2915
1405 3304 2916
1534 1684 2917
1534 3385 2918
1405 3304 2919
1405 3304 2920
1405 3406 2921
1534 1684 2922
1534 3265 2923
1405 3304 2924
1405 3304 2925
1534 1684 2926
1534 1684 2927
1534 1684 2928
1534 1684 2929
1534 1684 2930
1534 1684 2931
1405 3404 2932
1505 3020 2933
1534 3385 2934
1505 3020 2935
1505 3386 2936
1405 3406 2937
1405 3331 2938
1534 3265 2939
1534 1684 2940
1534 3361 2941
1405 3404 2942
1534 1684 2943
1534 1684 2944
1534 1684 2945
1405 3304 2946
1405 3331 2947
1534 1684 2948
1505 3020 2949
1405 3331 2950
1405 3412 2951
1534 1684 2952
1534 1684 2953
1534 3248 2954
1405 3404 2955
1534 1684 2956
1534 3263 2957
1505 3386 2958
1534 1684 2959
1534 1684 2960
1405 3304 2961
1405 2962
1534 1684 2963
1505 2964
1405 3162 2965
1534 1684 2966
1534 1684 2967
1505 2968
1405 3304 2969
1534 3265 2970
1419 2971
1534 1684 2972
1405 3406 2973
1534 1684 2974
1534 1684 2975
1505 2976
1534 1684 2977
1534 1684 2978
1534 2979
1405 2869 2980
1534 1684 2981
1534 1684 2982
1505 3020 2983
1534 3263 2984
1534 1684 2985
1534 1684 2986
1534 1684 2987
1534 1684 2988
1405 3406 2989
1405 3412 2990
1534 3265 2991
1534 3101 2992
1534 1684 2993
1534 1684 2994
1405 3233 2995
1405 3406 2996
1505 3020 2997
1534 1684 2998
1534 3361 2999
1534 1684 3000
1405 3001
1419 3420 3002
1534 1684 3003
1534 1684 3004
1505 3005
1534 1684 3006
1419 3420 3007
1534 1684 3008
1405 3406 3009
1505 3005 3010
1505 3011
1505 3020 3012
1534 1684 3013
1534 1684 3014
1534 1684 3015
1405 2869 3016
1534 3385 3017
1405 3412 3018
1505 3019
1505 3020
1534 3265 3021
1534 1684 3022
1534 1684 3023
1405 3366 3024
1534 1684 3025
1534 1684 3026
1405 3366 3027
1534 1684 3028
1534 1684 3029
1534 1684 3030
1534 1684 3031
1534 3385 3032
1405 3304 3033
1419 3034
1534 3265 3035
1405 3304 3036
1534 1684 3037
1405 3406 3038
1505 3005 3039
1534 1684 3040
1534 3101 3041
1534 1684 3042
1534 3248 3043
1534 1684 3044
1534 1684 3045
1405 3406 3046
1534 1684 3047
1419 3178 3048
1534 3265 3049
1534 1684 3050
1405 3406 3051
1534 1684 3052
1534 1684 3053
1534 1684 3054
1534 1684 3055
1405 3304 3056
1534 3278 3057
1534 1684 3058
1534 1684 3059
1505 3258 3060
1534 3263 3061
1505 3062
1505 3020 3063
1534 1684 3064
1534 1684 3065
1534 1684 3066
1505 3164 3067
1405 3412 3068
1405 3366 3069
1505 3386 3070
1534 1684 3071
1534 3385 3072
1534 1684 3073
1534 1684 3074
1534 1684 3075
1450 3289 3076
1419 3420 3077
1534 1684 3078
1505 3079
1534 1684 3080
1534 3263 3081
1505 3409 3082
1505 3020 3083
1534 1684 3084
1405 3304 3085
1419 3420 3086
1405 3406 3087
1534 1684 3088
1405 3406 3089
1534 1684 3090
1405 2962 3091
1534 1684 3092
1534 1684 3093
1534 1684 3094
1534 1684 3095
1534 1684 3096
1534 3101 3097
1534 1684 3098
1534 1684 3099
1405 3100
1534 3101
1534 3265 3102
1419 3420 3103
1534 1684 3104
1534 1684 3105
1405 3406 3106
1534 3263 3107
1534 1684 3108
1534 1684 3109
1419 3178 3110
1405 3100 3111
1534 1684 3112
1405 3366 3113
1534 1684 3114
1534 3265 3115
1534 3265 3116
1405 3304 3117
1405 3412 3118
1534 1684 3119
1405 3406 3120
1505 2734 3121
1534 1684 3122
1534 1684 3123
1505 3205 3124
1534 1684 3125
1534 1684 3126
1534 1684 3127
1534 1684 3128
1534 1684 3129
1534 1684 3130
1534 1684 3131
1534 3265 3132
1405 3366 3133
1534 1684 3134
1534 1684 3135
1505 3409 3136
1534 1684 3137
1419 3178 3138
1534 1684 3139
1405 3406 3140
1534 1684 3141
1534 1684 3142
1534 1684 3143
1405 3162 3144
1505 3386 3145
1534 3265 3146
1534 1684 3147
1405 3331 3148
1534 1684 3149
1505 3409 3150
1505 3409 3151
1534 3265 3152
1534 1684 3153
1405 3412 3154
1534 3101 3155
1534 3385 3156
1505 2964 3157
1534 1684 3158
1405 3295 3159
1505 3386 3160
1534 3245 3161
1405 3162
1534 1684 3163
1505 3164
1505 3165
1534 1684 3166
1534 3385 3167
1505 3168
1534 3385 3169
1405 2869 3170
1405 3404 3171
1505 3258 3172
1534 1684 3173
1405 3304 3174
1534 1684 3175
1419 3420 3176
1419 3420 3177
1419 3178
1450 3179
1534 1684 3180
1534 1684 3181
1505 3386 3182
1534 1684 3183
1534 1684 3184
1505 3409 3185
1505 3386 3186
1405 3404 3187
1534 3265 3188
1405 3406 3189
1534 3248 3190
1405 3412 3191
1534 3385 3192
1534 1684 3193
1534 1684 3194
1534 1684 3195
1534 3385 3196
1534 1684 3197
1534 3385 3198
1405 3331 3199
1534 1684 3200
1405 3406 3201
1534 1684 3202
1405 3406 3203
1405 2892 3204
1505 3205
1534 3101 3206
1419 3420 3207
1419 3178 3208
1534 1684 3209
1405 3366 3210
1419 3178 3211
1405 3406 3212
1534 1684 3213
1534 3248 3214
1534 1684 3215
1534 1684 3216
1419 3034 3217
1534 1684 3218
1505 3409 3219
1534 1684 3220
1534 3248 3221
1534 3222
1419 3420 3223
1405 3406 3224
1505 3386 3225
1534 1684 3226
1534 1684 3227
1534 1684 3228
1534 1684 3229
1534 1684 3230
1534 1684 3231
1534 1684 3232
1405 3233
1534 1684 3234
1534 1684 3235
1534 3385 3236
1534 1684 3237
1534 1684 3238
1405 3406 3239
1405 3406 3240
1419 3420 3241
1505 3205 3242
1534 1684 3243
1405 3233 3244
1534 3245
1405 3295 3246
1534 3265 3247
1534 3248
1534 1684 3249
1534 1684 3250
1534 1684 3251
1405 3406 3252
1405 3404 3253
1505 3409 3254
1534 3385 3255
1534 3385 3256
1534 1684 3257
1505 3258
1405 3404 3259
1405 3406 3260
1450 3179 3261
1505 3258 3262
1534 3263
1405 3404 3264
1534 3265
1534 3263 3266
1534 3265 3267
1534 1684 3268
1534 1684 3269
1405 2869 3270
1534 1684 3271
1505 2976 3272
1405 3412 3273
1505 3258 3274
1534 3385 3275
1505 3205 3276
1534 3265 3277
1534 3278
1534 3263 3279
1534 3265 3280
1534 1684 3281
1534 1684 3282
1534 1684 3283
1534 1684 3284
1419 3420 3285
1534 1684 3286
1405 3406 3287
1505 3386 3288
1450 3289
1534 1684 3290
1405 3406 3291
1405 3331 3292
1534 1684 3293
1534 1684 3294
1405 3295
1405 3304 3296
1534 3265 3297
1450 3179 3298
1405 3406 3299
1534 1684 3300
1534 1684 3301
1450 3289 3302
1534 1684 3303
1405 3304
1534 1684 3305
1405 3331 3306
1405 3406 3307
1534 3263 3308
1534 1684 3309
1534 2693 3310
1534 1684 3311
1419 3034 3312
1534 3248 3313
1534 1684 3314
1534 1684 3315
1534 3265 3316
1534 1684 3317
1534 1684 3318
1419 3034 3319
1405 3406 3320
1405 3406 3321
1534 1684 3322
1534 1684 3323
1405 3304 3324
1534 1684 3325
1505 2964 3326
1405 3366 3327
1534 1684 3328
1505 3409 3329
1405 3404 3330
1405 3331
1505 3258 3332
1534 1684 3333
1405 3366 3334
1534 3385 3335
1534 1684 3336
1405 3100 3337
1534 1684 3338
1534 1684 3339
1534 3222 3340
1450 3289 3341
1405 3406 3342
1505 3205 3343
1405 3406 3344
1405 3406 3345
1405 3366 3346
1405 3406 3347
1534 1684 3348
1534 1684 3349
1505 3386 3350
1534 3265 3351
1534 1684 3352
1505 3386 3353
1534 1684 3354
1405 3406 3355
1405 3412 3356
1419 3178 3357
1534 3385 3358
1405 3412 3359
1405 3406 3360
1534 3361
1534 1684 3362
1534 1684 3363
1534 1684 3364
1534 3385 3365
1405 3366
1534 1684 3367
1505 3020 3368
1534 3385 3369
1405 3366 3370
1419 3420 3371
1534 1684 3372
1405 3331 3373
1419 3178 3374
1534 1684 3375
1534 1684 3376
1505 3019 3377
1505 2976 3378
1405 3412 3379
1505 3019 3380
1534 3101 3381
1534 1684 3382
1534 3248 3383
1534 1684 3384
1534 3385
1505 3386
1534 1684 3387
1534 1684 3388
1534 3248 3389
1534 1684 3390
1405 3406 3391
1534 1684 3392
1419 2813 3393
1534 1684 3394
1405 3406 3395
1505 3386 3396
1405 3406 3397
1534 3263 3398
1534 1684 3399
1534 1684 3400
1534 1684 3401
1534 1684 3402
1505 3386 3403
1405 3404
1405 3331 3405
1405 3406
1534 1684 3407
1534 1684 3408
1505 3409
1419 3410
1505 3258 3411
1405 3412
1534 1684 3413
1534 1684 3414
1405 3366 3415
1534 3265 3416
1534 1684 3417
1534 1684 3418
1534 3265 3419
1419 3420
1405 3406 3421
1405 3406 3422
1534 1684 3423
1534 3248 3424
1534 1684 3425
1534 1684 3426
1534 1684 3427
1534 1684 3428
1534 1684 3429
1534 1684 3430
1534 3248 3431
1505 2760 3432
1534 1684 3433
1405 3406 3434
1534 1684 3435
1534 1684 3436
1593 1085 3437
1593 1085 3877 3438
1593 1085 3437 3439
1593 1085 3440
1593 1085 3437 3441
1593 1085 3437 3442
1593 1085 3437 3443
1593 1085 3437 3444
1593 1085 3437 3445
1593 1085 3437 3446
1593 1085 3437 3447
1593 1085 3948 3448
1593 1085 3962 3449
1593 1085 3437 3450
1593 1085 3437 3451
1593 1085 3877 3452
1593 1085 3437 3453
1593 1085 3677 3454
1593 1085 3886 3455
1593 1085 3456
1593 1085 3830 3457
1593 1085 3437 3458
1593 1085 3437 3459
1593 1085 3437 3460
1593 1085 3495 3461
1593 1085 3877 3462
1593 1085 3437 3463
1593 1085 3437 3464
1593 1085 3437 3465
1593 1085 3437 3466
1593 1085 3830 3467
1593 1085 3437 3468
1593 1085 3561 3469
1593 1085 3437 3470
1593 1085 3877 3471
1593 1085 3437 3472
1593 1085 3437 3473
1593 1085 3437 3474
1593 1085 3948 3475
1593 1085 3437 3476
1593 1085 3756 3477
1593 1085 3437 3478
1593 1085 3830 3479
1593 1085 3830 3480
1593 1085 3830 3481
1593 1085 3437 3482
1593 1085 3437 3483
1593 1085 3684 3484
1593 1085 3437 3485
1593 1085 3437 3486
1593 1085 3437 3487
1593 1085 3877 3488
1593 1085 3437 3489
1593 1085 3437 3490
1593 1085 3962 3491
1593 1085 3756 3492
1593 1085 3437 3493
1593 1085 3437 3494
1593 1085 3495
1593 1085 3750 3496
1593 1085 3437 3497
1593 1085 3437 3498
1593 1085 3437 3499
1593 1085 3437 3500
1593 1085 3501
1593 1085 3830 3502
1593 1085 3437 3503
1593 1085 3677 3504
1593 1085 3437 3505
1593 1085 3437 3506
1593 1085 3437 3507
1593 1085 3437 3508
1593 1085 3437 3509
1593 1085 3437 3510
1593 1085 3437 3511
1593 1085 3830 3512
1593 1085 3437 3513
1593 1085 3830 3514
1593 1085 3437 3515
1593 1085 3830 3516
1593 1085 3948 3517
1593 1085 3830 3518
1593 1085 3437 3519
1593 1085 3684 3520
1593 1085 3962 3521
1593 1085 3872 3522
1593 1085 3830 3523
1593 1085 3437 3524
1593 1085 3525
1593 1085 3684 3526
1593 1085 3851 3527
1593 1085 3437 3528
1593 1085 3437 3529
1593 1085 3437 3530
1593 1085 3437 3531
1593 1085 3437 3532
1593 1085 3948 3533
1593 1085 3437 3534
1593 1085 3437 3535
1593 1085 3437 3536
1593 1085 3437 3537
1593 1085 3437 3538
1593 1085 3437 3539
1593 1085 3540
1593 1085 3437 3541
1593 1085 3437 3542
1593 1085 3437 3543
1593 1085 3674 3544
1593 1085 3962 3545
1593 1085 3437 3546
1593 1085 3750 3547
1593 1085 3948 3548
1593 1085 3437 3549
1593 1085 3550
1593 1085 3525 3551
1593 1085 3886 3552
1593 1085 3437 3553
1593 1085 3561 3554
1593 1085 3437 3555
1593 1085 3556
1593 1085 3456 3557
1593 1085 3437 3558
1593 1085 3877 3559
1593 1085 3830 3560
1593 1085 3561
1593 1085 3830 3562
1593 1085 3962 3563
1593 1085 3437 3564
1593 1085 3756 3565
1593 1085 3437 3566
1593 1085 3437 3567
1593 1085 3437 3568
1593 1085 3437 3569
1593 1085 3437 3570
1593 1085 3437 3571
1593 1085 3437 3572
1593 1085 3877 3573
1593 1085 3877 3574
1593 1085 3872 3575
1593 1085 3877 3576
1593 1085 3577
1593 1085 3877 3578
1593 1085 3437 3579
1593 1085 3437 3580
1593 1085 3437 3581
1593 1085 3437 3582
1593 1085 3437 3583
1593 1085 3437 3584
1593 1085 3437 3585
1593 1085 3948 3586
1593 1085 3437 3587
1593 1085 3437 3588
1593 1085 3592 3589
1593 1085 3756 3590
1593 1085 3437 3591
1593 1085 3592
1593 1085 3437 3593
1593 1085 3830 3594
1593 1085 3437 3595
1593 1085 3962 3596
1593 1085 3437 3597
1593 1085 3437 3598
1593 1085 3437 3599
1593 1085 3440 3600
1593 1085 3437 3601
1593 1085 3437 3602
1593 1085 3756 3603
1593 1085 3962 3604
1593 1085 3948 3605
1593 1085 3437 3606
1593 1085 3437 3607
1593 1085 3437 3608
1593 1085 3609
1593 1085 3674 3610
1593 1085 3877 3611
1593 1085 3561 3612
1593 1085 3830 3613
1593 1085 3437 3614
1593 1085 3437 3615
1593 1085 3437 3616
1593 1085 3830 3617
1593 1085 3851 3618
1593 1085 3437 3619
1593 1085 3437 3620
1593 1085 3797 3621
1593 1085 3437 3622
1593 1085 3437 3623
1593 1085 3437 3624
1593 1085 3962 3625
1593 1085 3592 3626
1593 1085 3437 3627
1593 1085 3962 3628
1593 1085 3437 3629
1593 1085 3437 3630
1593 1085 3437 3631
1593 1085 3437 3632
1593 1085 3633
1593 1085 3437 3634
1593 1085 3948 3635
1593 1085 3437 3636
1593 1085 3756 3637
1593 1085 3437 3638
1593 1085 3830 3639
1593 1085 3437 3640
1593 1085 3437 3641
1593 1085 3577 3642
1593 1085 3437 3643
1593 1085 3437 3644
1593 1085 3437 3645
1593 1085 3437 3646
1593 1085 3437 3647
1593 1085 3437 3648
1593 1085 3830 3649
1593 1085 3437 3650
1593 1085 3651
1593 1085 3437 3652
1593 1085 3437 3653
1593 1085 3830 3654
1593 1085 3437 3655
1593 1085 3948 3656
1593 1085 3437 3657
1593 1085 3756 3658
1593 1085 3437 3659
1593 1085 3437 3660
1593 1085 3948 3661
1593 1085 3437 3662
1593 1085 3437 3663
1593 1085 3437 3664
1593 1085 3437 3665
1593 1085 3437 3666
1593 1085 3962 3667
1593 1085 3437 3668
1593 1085 3830 3669
1593 1085 3948 3670
1593 1085 3437 3671
1593 1085 3962 3672
1593 1085 3437 3673
1593 1085 3674
1593 1085 3437 3675
1593 1085 3437 3676
1593 1085 3677
1593 1085 3437 3678
1593 1085 3437 3679
1593 1085 3830 3680
1593 1085 3437 3681
1593 1085 3437 3682
1593 1085 3948 3683
1593 1085 3684
1593 1085 3437 3685
1593 1085 3437 3686
1593 1085 3830 3687
1593 1085 3556 3688
1593 1085 3721 3689
1593 1085 3437 3690
1593 1085 3830 3691
1593 1085 3692
1593 1085 3948 3693
1593 1085 3437 3694
1593 1085 3830 3695
1593 1085 3437 3696
1593 1085 3830 3697
1593 1085 3437 3698
1593 1085 3437 3699
1593 1085 3830 3700
1593 1085 3437 3701
1593 1085 3948 3702
1593 1085 3830 3703
1593 1085 3437 3704
1593 1085 3437 3705
1593 1085 3437 3706
1593 1085 3756 3707
1593 1085 3437 3708
1593 1085 3437 3709
1593 1085 3437 3710
1593 1085 3437 3711
1593 1085 3692 3712
1593 1085 3437 3713
1593 1085 3437 3714
1593 1085 3437 3715
1593 1085 3437 3716
1593 1085 3830 3717
1593 1085 3437 3718
1593 1085 3437 3719
1593 1085 3437 3720
1593 1085 3721
1593 1085 3437 3722
1593 1085 3437 3723
1593 1085 3437 3724
1593 1085 3437 3725
1593 1085 3437 3726
1593 1085 3437 3727
1593 1085 3437 3728
1593 1085 3437 3729
1593 1085 3437 3730
1593 1085 3877 3731
1593 1085 3437 3732
1593 1085 3437 3733
1593 1085 3962 3734
1593 1085 3437 3735
1593 1085 3948 3736
1593 1085 3525 3737
1593 1085 3561 3738
1593 1085 3437 3739
1593 1085 3437 3740
1593 1085 3741
1593 1085 3437 3742
1593 1085 3437 3743
1593 1085 3830 3744
1593 1085 3437 3745
1593 1085 3437 3746
1593 1085 3437 3747
1593 1085 3437 3748
1593 1085 3437 3749
1593 1085 3750
1593 1085 3437 3751
1593 1085 3561 3752
1593 1085 3437 3753
1593 1085 3437 3754
1593 1085 3830 3755
1593 1085 3756
1593 1085 3437 3757
1593 1085 3437 3758
1593 1085 3437 3759
1593 1085 3962 3760
1593 1085 3437 3761
1593 1085 3456 3762
1593 1085 3437 3763
1593 1085 3437 3764
1593 1085 3830 3765
1593 1085 3437 3766
1593 1085 3437 3767
1593 1085 3437 3768
1593 1085 3437 3769
1593 1085 3437 3770
1593 1085 3437 3771
1593 1085 3756 3772
1593 1085 3437 3773
1593 1085 3437 3774
1593 1085 3437 3775
1593 1085 3437 3776
1593 1085 3437 3777
1593 1085 3437 3778
1593 1085 3872 3779
1593 1085 3877 3780
1593 1085 3437 3781
1593 1085 3437 3782
1593 1085 3437 3783
1593 1085 3437 3784
1593 1085 3756 3785
1593 1085 3437 3786
1593 1085 3437 3787
1593 1085 3677 3788
1593 1085 3437 3789
1593 1085 3851 3790
1593 1085 3437 3791
1593 1085 3437 3792
1593 1085 3437 3793
1593 1085 3437 3794
1593 1085 3830 3795
1593 1085 3851 3796
1593 1085 3797
1593 1085 3437 3798
1593 1085 3437 3799
1593 1085 3962 3800
1593 1085 3437 3801
1593 1085 3437 3802
1593 1085 3561 3803
1593 1085 3830 3804
1593 1085 3440 3805
1593 1085 3437 3806
1593 1085 3437 3807
1593 1085 3437 3808
1593 1085 3437 3809
1593 1085 3437 3810
1593 1085 3437 3811
1593 1085 3437 3812
1593 1085 3830 3813
1593 1085 3437 3814
1593 1085 3437 3815
1593 1085 3437 3816
1593 1085 3851 3817
1593 1085 3437 3818
1593 1085 3437 3819
1593 1085 3437 3820
1593 1085 3437 3821
1593 1085 3437 3822
1593 1085 3437 3823
1593 1085 3877 3824
1593 1085 3561 3825
1593 1085 3437 3826
1593 1085 3437 3827
1593 1085 3756 3828
1593 1085 3437 3829
1593 1085 3830
1593 1085 3851 3831
1593 1085 3830 3832
1593 1085 3437 3833
1593 1085 3437 3834
1593 1085 3437 3835
1593 1085 3437 3836
1593 1085 3437 3837
1593 1085 3943 3838
1593 1085 3677 3839
1593 1085 3437 3840
1593 1085 3962 3841
1593 1085 3948 3842
1593 1085 3437 3843
1593 1085 3437 3844
1593 1085 3851 3845
1593 1085 3437 3846
1593 1085 3677 3847
1593 1085 3437 3848
1593 1085 3437 3849
1593 1085 3437 3850
1593 1085 3851
1593 1085 3886 3852
1593 1085 3437 3853
1593 1085 3437 3854
1593 1085 3437 3855
1593 1085 3437 3856
1593 1085 3437 3857
1593 1085 3830 3858
1593 1085 3437 3859
1593 1085 3830 3860
1593 1085 3437 3861
1593 1085 3437 3862
1593 1085 3437 3863
1593 1085 3830 3864
1593 1085 3437 3865
1593 1085 3437 3866
1593 1085 3437 3867
1593 1085 3437 3868
1593 1085 3437 3869
1593 1085 3437 3870
1593 1085 3437 3871
1593 1085 3872
1593 1085 3962 3873
1593 1085 3437 3874
1593 1085 3437 3875
1593 1085 3437 3876
1593 1085 3877
1593 1085 3437 3878
1593 1085 3437 3879
1593 1085 3830 3880
1593 1085 3437 3881
1593 1085 3437 3882
1593 1085 3830 3883
1593 1085 3948 3884
1593 1085 3437 3885
1593 1085 3886
1593 1085 3437 3887
1593 1085 3872 3888
1593 1085 3943 3889
1593 1085 3437 3890
1593 1085 3592 3891
1593 1085 3437 3892
1593 1085 3437 3893
1593 1085 3437 3894
1593 1085 3437 3895
1593 1085 3437 3896
1593 1085 3437 3897
1593 1085 3830 3898
1593 1085 3437 3899
1593 1085 3437 3900
1593 1085 3437 3901
1593 1085 3877 3902
1593 1085 3437 3903
1593 1085 3437 3904
1593 1085 3437 3905
1593 1085 3437 3906
1593 1085 3437 3907
1593 1085 3495 3908
1593 1085 3437 3909
1593 1085 3437 3910
1593 1085 3830 3911
1593 1085 3437 3912
1593 1085 3830 3913
1593 1085 3437 3914
1593 1085 3437 3915
1593 1085 3592 3916
1593 1085 3437 3917
1593 1085 3830 3918
1593 1085 3830 3919
1593 1085 3437 3920
1593 1085 3437 3921
1593 1085 3437 3922
1593 1085 3437 3923
1593 1085 3437 3924
1593 1085 3437 3925
1593 1085 3943 3926
1593 1085 3561 3927
1593 1085 3633 3928
1593 1085 3948 3929
1593 1085 3877 3930
1593 1085 3437 3931
1593 1085 3437 3932
1593 1085 3437 3933
1593 1085 3495 3934
1593 1085 3437 3935
1593 1085 3437 3936
1593 1085 3437 3937
1593 1085 3962 3938
1593 1085 3437 3939
1593 1085 3437 3940
1593 1085 3437 3941
1593 1085 3561 3942
1593 1085 3943
1593 1085 3962 3944
1593 1085 3561 3945
1593 1085 3437 3946
1593 1085 3437 3947
1593 1085 3948
1593 1085 3437 3949
1593 1085 3872 3950
1593 1085 3437 3951
1593 1085 3437 3952
1593 1085 3437 3953
1593 1085 3437 3954
1593 1085 3437 3955
1593 1085 3437 3956
1593 1085 3830 3957
1593 1085 3437 3958
1593 1085 3437 3959
1593 1085 3437 3960
1593 1085 3437 3961
1593 1085 3962
1593 1085 3437 3963
1593 1085 3561 3964
1593 1085 3437 3965
1593 1085 3877 3966
1593 1085 3437 3967
1593 1085 3962 3968
1593 1085 3437 3969
1593 1085 3830 3970
1593 1085 3948 3971
1593 1085 3437 3972
1593 1085 3437 3973
1593 1085 3437 3974
1593 1085 3437 3975
1593 1085 3437 3976
1593 1085 3437 3977
1593 1085 3495 3978
1593 1085 3872 3979
1574 563 594 3980
1574 563 594 3980 3981
1574 563 594 3980 3982
1574 563 594 3980 3983
1574 563 594 3980 3984
1574 563 594 3980 3985
1574 563 594 3980 3986
1574 563 594 3980 3987
1574 563 594 3980 3988
1574 563 594 3989
1574 563 594 3980 3990
1574 563 594 4031 3991
1574 563 594 3980 3992
1574 563 594 3980 3993
1574 563 594 3980 3994
1574 563 594 3980 3995
1574 563 594 3980 3996
1574 563 594 3980 3997
1574 563 594 3980 3998
1574 563 594 3980 3999
1574 563 594 3980 4000
1574 563 594 3980 4001
1574 563 594 4031 4002
1574 563 594 3980 4003
1574 563 594 4031 4004
1574 563 594 3980 4005
1574 563 594 3980 4006
1574 563 594 3980 4007
1574 563 594 3980 4008
1574 563 594 3980 4009
1574 563 594 3980 4010
1574 563 594 4011
1574 563 594 3980 4012
1574 563 594 4031 4013
1574 563 594 3980 4014
1574 563 594 3980 4015
1574 563 594 3980 4016
1574 563 594 3980 4017
1574 563 594 3980 4018
1574 563 594 3980 4019
1574 563 594 4031 4020
1574 563 594 3980 4021
1574 563 594 3980 4022
1574 563 594 4031 4023
1574 563 594 3980 4024
1574 563 594 3980 4025
1574 563 594 3980 4026
1574 563 594 4031 4027
1574 563 594 3980 4028
1574 563 594 3980 4029
1574 563 594 3980 4030
1574 563 594 4031
1574 563 594 3980 4032
1574 563 594 3980 4033
1574 563 594 3980 4034
1574 563 594 3980 4035
1574 563 594 3980 4036
1574 563 594 3980 4037
1574 563 594 4031 4038

