325186
213201
602187
286094

613750
378734
693079
989761


882301
581963
624052
418850
169060
95369
706608
489325
932349
734157
870897
657375
296438
275836
583656
295771
972280
728822
975825
510789
393514
10137
347050
40153
301429
497040
43979
791965
652931
876674
592651
350742
526388
205937
677004
158284
60086
70942
979070
346661
421067
656445
952415
184865
199846
623485
534781
600104
168914
921012
587085
115819
402674
772984
922889
493505
656263
191380
555185
175520
689132
878041
279074
661969
484806
368155
476268
696006
280601
68749
237172
265390
327553
931357
701910
340276
95996
377909
94480
264911
142436
403782
614184
825971
382879
490407
536173
198074
72214
91960
216813
392057
566875
42316
856169
935396
907342
460936
434660
761648
66711
623758
277732
749647
964926
151890
114706
161369
292824
129595
640938
929177
870477
433112
37720
223487
686638
680928
930660
674611
569074
589340
625577
54110
25163
479491
960195
424450
444953
